6 0.7514666666666666 0.3504333333333333 0.19383333333333325 0.1705333333333333
6 0.3567666666666667 0.16886666666666666 0.1802 0.17409999999999998
6 0.2628333333333333 0.42233333333333334 0.18629999999999997 0.17803333333333332
6 0.43356666666666666 0.4882 0.16106666666666664 0.14609999999999995
6 0.7536333333333335 0.5418999999999999 0.20423333333333338 0.19593333333333324
6 0.7301 0.7163999999999999 0.20870000000000005 0.17826666666666674
6 0.4578666666666667 0.6603666666666667 0.1854333333333333 0.19646666666666665
6 0.27823333333333333 0.5878 0.1746333333333333 0.16950000000000007
6 0.5603333333333333 0.1937 0.17216666666666658 0.17223333333333332
6 0.8674333333333334 0.1319 0.16816666666666671 0.15776666666666667
6 0.1612 0.22199999999999998 0.17693333333333336 0.18946666666666667
6 0.3897 0.8875666666666666 0.1521333333333333 0.18116666666666675
6 0.5840333333333334 0.7978666666666667 0.15596666666666673 0.16543333333333332
6 0.7647333333333333 0.9045333333333334 0.20520000000000002 0.19089999999999993