11 0.48344216417910446 0.4107275271073802 0.11567164179104478 0.25412032179083593
11 0.349580223880597 0.3365582371458552 0.09048507462686567 0.1757397691500525
11 0.26632462686567165 0.3515984610003498 0.07789179104477612 0.15685204616998952
11 0.19309701492537312 0.31382301504022386 0.09001865671641791 0.20721580972367956
11 0.6079757462686567 0.48978663868485484 0.09421641791044776 0.24435117173837004
11 0.6979944029850746 0.6912801678908709 0.09701492537313433 0.19963273871983211
11 0.663945895522388 0.33883525708289614 0.10354477611940298 0.21876880027981813
11 0.7600279850746269 0.41614550542147605 0.09981343283582089 0.21249387897866387
11 0.8505130597014925 0.3549282966072053 0.10354477611940298 0.2509548793284365
11 0.9046175373134329 0.21342077649527805 0.09981343283582089 0.1952920601608954
11 0.6284981343283582 0.7832878628891221 0.10354477611940298 0.2367401189227003