6 0.3213333333333333 0.210375 0.1559012345679012 0.08663888888888888
6 0.3488641975308642 0.4322361111111111 0.16861728395061734 0.10972222222222222
6 0.31639506172839504 0.7626527777777778 0.16014814814814818 0.09988888888888899
6 0.21975308641975308 0.5663888888888889 0.1220493827160494 0.07641666666666665
6 0.09488888888888888 0.3165416666666666 0.14039506172839505 0.08070833333333331
6 0.6627901234567901 0.3528611111111111 0.1615555555555555 0.09381944444444443
6 0.5089876543209876 0.39790277777777777 0.16437037037037036 0.09263888888888891
6 0.9118271604938272 0.6152083333333334 0.16577777777777775 0.08675000000000005
6 0.8257530864197531 0.6838611111111111 0.13474074074074086 0.08915277777777786
6 0.7819999999999999 0.8479722222222221 0.1319259259259258 0.08801388888888874
6 0.6811358024691359 0.7148194444444443 0.11358024691358025 0.0717083333333334
6 0.3001728395061728 0.6259166666666667 0.1418024691358025 0.084375
6 0.7365185185185186 0.45406944444444447 0.13261728395061737 0.08194444444444444
6 0.9089876543209876 0.41080555555555553 0.1319259259259258 0.08272222222222214
6 0.7601481481481481 0.1262361111111111 0.15874074074074065 0.07708333333333334
6 0.0842962962962963 0.9162361111111111 0.13333333333333333 0.08168055555555548
6 0.22822222222222224 0.92675 0.11076543209876547 0.0828750000000001