6 0.17412142857142857 0.26502145922746784 0.16252857142857144 0.27865879828326184
6 0.08789285714285715 0.4981545064377682 0.15742142857142857 0.2820278969957081
6 0.34764999999999996 0.26063304721030045 0.1891714285714286 0.2576180257510729
6 0.2537 0.49218884120171674 0.17271428571428574 0.2823605150214593
6 0.5238571428571428 0.25072961373390557 0.17425000000000004 0.2592703862660944
6 0.4272928571428572 0.4592489270386266 0.18111428571428567 0.22261802575107298
6 0.6207428571428572 0.49050429184549355 0.18025714285714295 0.2514055793991416
6 0.7059071428571428 0.2517596566523605 0.16283571428571422 0.2766630901287554
6 0.8684071428571428 0.2731115879828326 0.16334285714285704 0.26419527896995704
6 0.7958285714285714 0.5160729613733905 0.15288571428571426 0.32093347639484987
6 0.6900714285714286 0.7319742489270387 0.18217857142857138 0.2714377682403434
6 0.8659071428571429 0.7717918454935622 0.1624285714285715 0.2376394849785408
6 0.5051642857142857 0.7026609442060086 0.16339285714285715 0.2710515021459229
6 0.34576428571428575 0.6960836909871244 0.1649928571428572 0.2854828326180257
6 0.1683857142857143 0.7273605150214592 0.1979928571428572 0.23768240343347638
6 0.09104285714285715 0.9296566523605151 0.16575714285714285 0.1333798283261802
6 0.25542857142857145 0.907725321888412 0.16800714285714288 0.18454935622317598
6 0.42178571428571426 0.9092596566523604 0.15785000000000002 0.1814806866952791
6 0.5881571428571428 0.9146244635193133 0.17223571428571421 0.17075107296137348
6 0.7635714285714286 0.9173819742489271 0.16 0.16523605150214593
6 0.9267857142857143 0.9345493562231759 0.14642857142857144 0.12875536480686695
6 0.04856428571428572 0.23990343347639487 0.09304285714285714 0.26827253218884123
6 0.04321428571428571 0.7560407725321888 0.08030714285714287 0.27051502145922757
6 0.08714285714285715 0.07671673819742489 0.15285714285714286 0.15343347639484978
6 0.2551428571428571 0.07574034334763949 0.17763571428571426 0.14840128755364806
6 0.42854285714285717 0.08358369098712447 0.16728571428571432 0.15183476394849785
6 0.6033285714285714 0.07855150214592274 0.17604285714285717 0.15710300429184548
6 0.7692571428571429 0.08458154506437766 0.17320000000000002 0.1507618025751073
6 0.9438785714285715 0.5281437768240343 0.11224285714285705 0.27150214592274674
6 0.9290785714285714 0.09564377682403435 0.1418357142857144 0.18515021459227468