0 0.4633333333333333 0.46576112412177983 0.4058541666666667 0.23988290398126466
0 0.2762291666666667 0.22019906323185012 0.19135416666666663 0.10004683840749415
0 0.4498125 0.22918032786885245 0.17741666666666672 0.11019906323185014
0 0.6393749999999999 0.22899297423887588 0.18152083333333333 0.09810304449648709
0 0.8150416666666668 0.22800936768149882 0.18564583333333337 0.10004683840749415
0 0.8725625 0.46555035128805616 0.15485416666666676 0.08723653395784543
0 0.7770833333333333 0.5502693208430913 0.15139583333333326 0.09272833723653388
0 0.703125 0.6587939110070258 0.17708333333333334 0.09120608899297436
0 0.76875 0.7458430913348947 0.1625 0.08576112412177987
0 0.9166666666666666 0.6997775175644029 0.13889583333333325 0.07169789227166279
0 0.8316041666666667 0.6150702576112412 0.11458333333333333 0.0662060889929742
0 0.4739583333333333 0.689824355971897 0.13541666666666666 0.07911007025761117
0 0.6 0.7196955503512881 0.14443750000000002 0.0880913348946136
0 0.9072916666666667 0.3084309133489461 0.16875 0.08914519906323184
0 0.7277708333333333 0.3113583138173302 0.1777708333333334 0.0988992974238876
0 0.5590208333333333 0.3037470725995316 0.1875 0.07977751756440281
0 0.37535416666666666 0.3033489461358314 0.18818749999999998 0.07118266978922716
0 0.1180625 0.2112295081967213 0.1361041666666667 0.08989461358313815
0 0.22291666666666668 0.29710772833723653 0.15416666666666667 0.07430913348946133