6 0.43507204610951006 0.4073928571428571 0.19100864553314126 0.24642857142857144
6 0.20881844380403455 0.8036428571428571 0.2221613832853026 0.2843214285714285
6 0.7195100864553313 0.6110357142857143 0.19858789625360238 0.2593571428571429
6 0.5912968299711816 0.8028571428571429 0.1952449567723343 0.2765357142857142
6 0.8149279538904899 0.37875 0.20144092219020165 0.2202142857142857
6 0.5828242074927954 0.2623214285714286 0.16579250720461086 0.20167857142857143
6 0.40040345821325646 0.17267857142857143 0.18187319884726227 0.20253571428571426
6 0.1564265129682997 0.4412499999999999 0.18507204610951009 0.1961785714285714
6 0.24639769452449567 0.11021428571428571 0.16452449567723343 0.21735714285714286
6 0.11236311239193086 0.19553571428571428 0.18210374639769453 0.21407142857142855
6 0.4117291066282421 0.8018928571428572 0.17193083573487028 0.2591071428571429
6 0.8042074927953891 0.8290000000000001 0.21011527377521605 0.2014642857142856
6 0.9272622478386167 0.7230714285714286 0.14547550432276662 0.24114285714285708
6 0.6334293948126801 0.09846428571428571 0.16172910662824208 0.1752142857142857