0 0.6572 0.8950824587706147 0.12550000000000006 0.17431784107946025
0 0.746225 0.8533733133433284 0.11467500000000001 0.15085457271364303
0 0.8630374999999999 0.8621589205397301 0.11497500000000002 0.15175412293853077
0 0.914125 0.7818140929535233 0.11712500000000006 0.14766116941529236
0 0.770075 0.7273613193403298 0.1595875000000001 0.13869565217391303
4 0.31222500000000003 0.9020389805097451 0.13001250000000003 0.1515892053973012
0 0.091 0.6420389805097452 0.1375375 0.18128935532233878
3 0.21620000000000006 0.7380659670164917 0.35185 0.23341829085457264
3 0.5251375 0.7978260869565217 0.2808375 0.29296851574212895
10 0.3825 0.3393853073463268 0.24278750000000002 0.6454572713643179
1 0.6073 0.5510194902548725 0.22570000000000007 0.34574212893553224
5 0.2764 0.4862518740629685 0.08057499999999998 0.11628185907046486
8 0.8140625 0.6268365817091455 0.15868750000000006 0.12089955022488753