12 0.12990555555555558 0.75935 0.20055 0.34462777777777776
12 0.7397722222222222 0.4164722222222222 0.19065277777777787 0.24775555555555556
8 0.43199166666666666 0.8545055555555555 0.0954638888888889 0.19049444444444438
8 0.31842499999999996 0.6607666666666667 0.09055555555555556 0.14375
8 0.28734722222222225 0.4960277777777778 0.06914166666666666 0.13649444444444447
8 0.5923138888888889 0.7513944444444445 0.09573888888888885 0.16204444444444435
8 0.6802138888888889 0.5835 0.10301944444444441 0.14848333333333333
4 0.6603 0.8723722222222222 0.0668972222222222 0.12251666666666677
4 0.5886083333333333 0.8691888888888889 0.07721666666666661 0.14578888888888894
4 0.6363305555555555 0.640938888888889 0.06525277777777774 0.13373333333333323
4 0.7979250000000001 0.8458833333333333 0.05511111111111101 0.1399166666666666
3 0.9326583333333334 0.7786222222222222 0.08753611111111115 0.17946111111111096
3 0.5282027777777778 0.3161222222222222 0.20640555555555554 0.22483333333333336
3 0.37524722222222223 0.3742166666666667 0.233825 0.30399444444444446
6 0.16773055555555558 0.8339 0.06879722222222223 0.14557222222222208
10 0.1693222222222222 0.3124611111111111 0.17382777777777778 0.5064111111111111
9 0.5359888888888888 0.5444722222222222 0.2441972222222222 0.3445
0 0.2979777777777778 0.8292444444444445 0.09410555555555558 0.18441666666666656
6 0.33603055555555555 0.5512277777777778 0.0665083333333333 0.10986666666666672