0 0.22888888888888892 0.3378024691358025 0.20890522875816991 0.332962962962963
0 0.13084967320261437 0.6833333333333333 0.23403594771241829 0.34407407407407414
0 0.4415522875816994 0.5556790123456791 0.21191176470588238 0.3014814814814815
0 0.5120588235294118 0.2694074074074074 0.1895424836601307 0.3177283950617284
0 0.7029901960784314 0.24925925925925926 0.20186274509803914 0.26985185185185184
0 0.8901470588235294 0.4800740740740741 0.20160130718954256 0.35540740740740734
0 0.9110130718954248 0.2200246913580247 0.17797385620915035 0.21893827160493823
0 0.6966993464052288 0.514074074074074 0.1842647058823529 0.2600740740740741
0 0.6297058823529411 0.7942716049382716 0.23379084967320268 0.2924444444444443
0 0.36764705882352944 0.8580246913580247 0.2581699346405229 0.2839506172839506
0 0.13612745098039217 0.9038024691358025 0.19934640522875818 0.19239506172839496
0 0.056372549019607844 0.09135802469135802 0.11274509803921569 0.18271604938271604
0 0.15019607843137256 0.20879012345679013 0.19733660130718955 0.1775308641975309
0 0.32039215686274514 0.10602469135802468 0.15057189542483665 0.2037037037037037
0 0.38411764705882356 0.33911111111111114 0.09954248366013074 0.24822222222222226
0 0.7812908496732026 0.9085432098765431 0.1598856209150326 0.18291358024691368
0 0.921062091503268 0.7234074074074075 0.15787581699346387 0.24567901234567902
0 0.9215686274509803 0.9111111111111111 0.1568627450980392 0.17777777777777778
0 0.576797385620915 0.059111111111111114 0.17068627450980398 0.11822222222222223
0 0.7180718954248365 0.0720246913580247 0.11135620915032676 0.1440493827160494
0 0.9648692810457516 0.06666666666666667 0.07026143790849673 0.13333333333333333