0 0.11764705882352941 0.2949346405228758 0.23529411764705882 0.23366013071895425
0 0.3442156862745098 0.4892156862745098 0.31808823529411756 0.24421568627450987
0 0.08605392156862746 0.5255228758169934 0.1721078431372549 0.20065359477124176
0 0.16230392156862744 0.8169607843137255 0.28105392156862746 0.24250000000000005
0 0.493186274509804 0.687140522875817 0.33823529411764713 0.21160130718954248
0 0.7638970588235294 0.5075490196078432 0.2804901960784313 0.21916666666666665
0 0.9178921568627451 0.7361111111111112 0.1642156862745098 0.24673202614379086
0 0.5838725490196078 0.9050490196078431 0.3834313725490196 0.18990196078431376
0 0.8485784313725491 0.21955882352941178 0.3028431372549018 0.23143790849673201
0 0.5416666666666666 0.16073529411764706 0.3153676470588234 0.22996732026143793
0 0.7960294117647058 0.05921568627450979 0.3556617647058824 0.11045751633986928
0 0.21691176470588236 0.031862745098039214 0.26715686274509803 0.06372549019607843