0 0.12745098039215685 0.29004901960784313 0.24485294117647063 0.3531127450980392
0 0.3371078431372549 0.2985539215686275 0.23178104575163402 0.36632352941176477
0 0.5916339869281045 0.26424019607843136 0.2556535947712419 0.39573529411764713
0 0.8539542483660131 0.2825245098039215 0.24986928104575165 0.3832843137254902
0 0.2585457516339869 0.0805392156862745 0.23805555555555555 0.15656862745098038
0 0.468578431372549 0.07262254901960784 0.19808823529411768 0.14524509803921568
0 0.7434640522875817 0.07808823529411764 0.23754901960784322 0.15544117647058825
0 0.9499673202614379 0.48598039215686273 0.10004901960784317 0.3565686274509803
0 0.7398202614379085 0.6624754901960784 0.26294117647058823 0.43808823529411767
0 0.9355228758169934 0.8159803921568628 0.12895424836601319 0.3680147058823529
0 0.5139542483660131 0.4997303921568627 0.236045751633987 0.33507352941176477
0 0.18929738562091503 0.6498529411764705 0.25792483660130716 0.3939460784313726
0 0.40522875816993464 0.8046813725490196 0.28254901960784307 0.3906372549019608
0 0.10256535947712418 0.8810294117647058 0.20009803921568625 0.23794117647058832
0 0.7672222222222222 0.9357107843137255 0.24233660130718965 0.1285784313725491
0 0.6062091503267973 0.8527450980392157 0.12393790849673206 0.294485294117647
0 0.049836601307189546 0.5502450980392157 0.09967320261437909 0.33578431372549017