2 0.13562091503267973 0.18995098039215685 0.24509803921568626 0.3799019607843137
2 0.3163725490196079 0.29892156862745095 0.21292483660130715 0.3746078431372549
2 0.5065359477124183 0.1323529411764706 0.26143790849673204 0.2647058823529412
2 0.7679738562091504 0.15318627450980393 0.21895424836601307 0.30637254901960786
2 0.5043954248366013 0.440171568627451 0.2068954248366013 0.411985294117647
2 0.7383169934640523 0.4808823529411764 0.21970588235294122 0.40296568627450974
2 0.9336274509803921 0.48806372549019605 0.13272875816993468 0.45499999999999996
2 0.9632352941176471 0.8553921568627451 0.07352941176470588 0.28921568627450983
2 0.7981372549019606 0.7791911764705883 0.25892156862745097 0.3283823529411765
2 0.6985294117647058 0.928921568627451 0.2761437908496732 0.14215686274509803
2 0.5294117647058824 0.7797549019607842 0.25942810457516335 0.31818627450980386
2 0.32931372549019605 0.6330637254901962 0.24132352941176471 0.515
2 0.20839869281045756 0.8734803921568627 0.21568627450980393 0.253014705882353
2 0.4371568627450981 0.946078431372549 0.1804901960784314 0.10784313725490197
2 0.11049019607843139 0.5476470588235294 0.21844771241830066 0.4233333333333334
2 0.06535947712418301 0.8676470588235294 0.12745098039215685 0.2647058823529412