8 0.3704047619047619 0.6869446391030133 0.1955666666666667 0.29119831814996494
8 0.7952809523809523 0.4604204625087596 0.18342380952380954 0.26562018220042044
8 0.06870476190476191 0.9029432375613174 0.13740952380952381 0.1941135248773651
5 0.15108095238095237 0.7951857042747021 0.14739523809523808 0.22035739313244565
5 0.5970047619047619 0.8439803784162578 0.14162380952380946 0.205823405746321
0 0.23004761904761906 0.9274702172389628 0.19342380952380955 0.14505956552207427
11 0.15663809523809524 0.601520672740014 0.17993809523809523 0.1694043447792572
11 0.2422809523809524 0.6989768745620183 0.07266190476190477 0.15408549404344787
11 0.3635047619047619 0.931927119831815 0.08653809523809525 0.11543798177995797
11 0.5045714285714286 0.9581289418360196 0.10676190476190472 0.08374211632796076
11 0.5118190476190476 0.4919341275402943 0.08554285714285709 0.14294323756131747
11 0.40996190476190475 0.5080868955851436 0.1056428571428571 0.15072179397337065
11 0.5818476190476191 0.6812193412754028 0.087504761904762 0.11507358093903289
11 0.7065476190476191 0.6398738612473721 0.0868999999999999 0.14799579537491245
11 0.6227809523809523 0.49431674842326556 0.1693714285714285 0.2738402242466713
11 0.33404761904761904 0.38435178696566225 0.08714285714285715 0.11348283111422569
4 0.1802904761904762 0.4412053258584443 0.14153333333333334 0.1781429572529783
4 0.015904761904761908 0.3697827610371408 0.02943333333333334 0.15442186405045547
4 0.5644095238095238 0.03927820602662929 0.1193000000000001 0.07855641205325858
11 0.35816190476190474 0.23479327259985985 0.13775714285714283 0.11220042046250876
11 0.3360761904761905 0.10866853538892782 0.09596190476190475 0.14376313945339872
11 0.0566952380952381 0.3747652417659425 0.06815238095238095 0.1083321653819201
3 0.05526190476190476 0.6207848633496846 0.11052380952380952 0.3761177295024527
11 0.4943238095238095 0.23430974071478627 0.09102380952380956 0.13224246671338474
8 0.45024761904761906 0.3644989488437281 0.15525714285714284 0.17538192011212334
8 0.6652142857142858 0.28687456201822004 0.15423809523809529 0.20934828311142256
11 0.5673238095238096 0.3006517168885774 0.05131428571428582 0.12128241065171684
11 0.7553047619047619 0.17885774351786965 0.09632857142857142 0.12646811492641905
11 0.5960285714285715 0.15075683251576735 0.09443809523809532 0.12281009110021023
8 0.4441333333333334 0.17441485634197618 0.1215952380952381 0.21217939733707075
11 0.8822380952380953 0.10356692361597757 0.08828571428571433 0.12304835318850733
11 0.9215190476190477 0.39411352487736506 0.08350952380952376 0.11548703573931321
3 0.9452380952380952 0.3224456902592852 0.10952380952380952 0.40662929222144356
11 0.9039619047619047 0.5766503153468816 0.08887619047619041 0.14068675543097406
11 0.9288238095238095 0.6990749824807289 0.057647619047619024 0.14026629292221449
11 0.9726190476190476 0.8238682550805887 0.05476190476190476 0.12355991590749836
11 0.894095238095238 0.9309810791871058 0.09771428571428563 0.13455501051156254
11 0.4688809523809524 0.042004204625087596 0.08538571428571431 0.08400140154169587
8 0.6747238095238095 0.05545900490539594 0.14945238095238092 0.11091800981079188
11 0.02378095238095238 0.12333566923615978 0.042795238095238095 0.10651016117729503
11 0.07893333333333333 0.030777855641205328 0.09596190476190475 0.051037140854940446