8 0.2923828125 0.2584765625 0.174609375 0.19194531250000002
8 0.4568359375 0.20280468749999997 0.183203125 0.17825781249999997
8 0.3322265625 0.08344531250000001 0.191796875 0.16689062500000001
8 0.494921875 0.059765625 0.13828125 0.11953125
8 0.601171875 0.1559140625 0.13203125 0.131359375
6 0.19765625 0.1488828125 0.1296875 0.117296875
3 0.1064453125 0.2348515625 0.193359375 0.3204765625
3 0.04609375 0.11078906250000001 0.0609375 0.06844531250000001
3 0.0861328125 0.2049375 0.058984375 0.06144531249999998
3 0.0708984375 0.2619765625 0.067578125 0.05052343749999997
3 0.0951171875 0.32078125 0.069140625 0.05483593750000004
3 0.10859375 0.3828984375 0.0609375 0.06189062500000002
3 0.1435546875 0.470015625 0.041015625 0.0564453125
3 0.17421875 0.3922734375 0.0515625 0.08064062500000002
3 0.199609375 0.332890625 0.06328125 0.055625000000000036
3 0.1673828125 0.28405468749999996 0.065234375 0.04389062499999996
3 0.18046875 0.23678125 0.0484375 0.03528124999999997
3 0.133984375 0.236390625 0.05703125 0.042312499999999975
3 0.0318359375 0.3397265625 0.051953125 0.07320312500000004
3 0.03359375 0.20513281249999998 0.0515625 0.04230468749999998
3 0.0859375 0.15278125 0.0625 0.0469765625
8 0.504296875 0.626296875 0.14140625 0.15025781249999995
8 0.4189453125 0.5198359375 0.130859375 0.14436718749999997
8 0.4197265625 0.69428125 0.132421875 0.1612187499999999
8 0.078125 0.71771875 0.15625 0.1299687499999999
0 0.648046875 0.6888124999999999 0.19453125 0.18153124999999992
0 0.646484375 0.306140625 0.19140625 0.19352343750000003
0 0.786328125 0.5577421874999999 0.14296875 0.19672656249999995
3 0.6412109375 0.85328125 0.067578125 0.06515625000000007
3 0.68203125 0.9663828125 0.0671875 0.060890625000000045
3 0.61796875 0.958375 0.0640625 0.06440625000000004
3 0.759375 0.9318046875 0.05 0.05814843749999987
3 0.8126953125 0.9402109375000001 0.058984375 0.06322656249999987
3 0.8828125 0.9464609375 0.0625 0.06010156249999987
3 0.9087890625 0.874765625 0.063671875 0.06907031249999988
3 0.972265625 0.8692968750000001 0.04609375 0.05812500000000007
3 0.8068359375 0.8271015625 0.086328125 0.0674921875
3 0.77265625 0.863046875 0.0609375 0.04562500000000007
3 0.7107421875 0.8636328125 0.050390625 0.05070312500000007
3 0.68671875 0.9081718750000001 0.0609375 0.04602343749999989
3 0.6154296875 0.7974140625 0.062890625 0.054976562499999916
3 0.7037109375 0.8021015625000001 0.067578125 0.06435937500000008
3 0.79921875 0.771625 0.0671875 0.05028124999999992
3 0.76953125 0.7302109375 0.0546875 0.06121093749999993
3 0.8212890625 0.7192734375 0.044921875 0.054953124999999936
3 0.8828125 0.77396875 0.046875 0.07060156250000009
3 0.9453125 0.7536562499999999 0.046875 0.06121874999999992
3 0.954296875 0.666921875 0.04140625 0.04399999999999995
3 0.8837890625 0.703453125 0.060546875 0.05846874999999994
3 0.8875 0.6440703125 0.05625 0.06470312499999994
3 0.8166015625 0.6661406249999999 0.051171875 0.04243749999999995
1 0.188671875 0.8622734375000001 0.35390625 0.20033593749999995
7 0.2314453125 0.6561953125 0.240234375 0.2217578125000001