3 0.09916666666666667 0.5161519607843137 0.1304738562091503 0.25098039215686285
3 0.19369281045751638 0.2542156862745098 0.12846405228758173 0.22865196078431377
3 0.401078431372549 0.17784313725490197 0.14604575163398686 0.24561274509803915
3 0.6034477124183006 0.2025490196078431 0.15359477124183007 0.22335784313725485
3 0.36651960784313725 0.4295833333333334 0.12468954248366018 0.2098529411764706
3 0.4966013071895425 0.47522058823529406 0.12594771241830072 0.21816176470588233
3 0.4709640522875817 0.6960294117647059 0.15509803921568627 0.22615196078431368
3 0.3020424836601307 0.8227450980392157 0.1289542483660131 0.25333333333333335
3 0.25326797385620914 0.572156862745098 0.1319771241830065 0.25365196078431373
3 0.691045751633987 0.6837745098039216 0.14529411764705877 0.2204901960784314
3 0.869281045751634 0.6588725490196078 0.15485294117647055 0.24612745098039213
3 0.8330882352941177 0.37529411764705883 0.1528431372549019 0.26715686274509803
3 0.7115359477124182 0.4620343137254902 0.15862745098039222 0.2445588235294117