3 0.4117647058823529 0.13772946859903382 0.10457516339869281 0.18925120772946857
3 0.29387254901960785 0.19292270531400968 0.13524509803921567 0.22159420289855075
3 0.1904248366013072 0.2966183574879227 0.1370098039215686 0.1688647342995169
3 0.1749673202614379 0.4681400966183575 0.13374183006535947 0.17374396135265702
3 0.22725490196078432 0.6205314009661835 0.11764705882352941 0.13661835748792264
3 0.2170751633986928 0.7833091787439614 0.11990196078431371 0.17978260869565205
3 0.33799019607843134 0.7344444444444445 0.1254411764705882 0.2567149758454106
3 0.32754901960784316 0.5432125603864734 0.12217320261437906 0.16038647342995163
3 0.35117647058823526 0.375048309178744 0.12921568627450977 0.15475845410628017
3 0.48165032679738556 0.29495169082125605 0.12367647058823539 0.15437198067632849
3 0.6048202614379085 0.24550724637681162 0.10859477124183012 0.19671497584541064
3 0.8262908496732027 0.17565217391304347 0.10406862745098029 0.20562801932367147
3 0.8059313725490196 0.34103864734299516 0.11866013071895416 0.1870772946859903
3 0.6965849673202614 0.3239371980676329 0.08598039215686275 0.18260869565217394
3 0.5294117647058824 0.4428743961352657 0.11866013071895426 0.15292270531400967
3 0.6365032679738563 0.4779951690821256 0.0915032679738562 0.2045893719806763
3 0.7815522875816995 0.4895169082125604 0.13524509803921575 0.17560386473429948
3 0.8416339869281046 0.7258937198067632 0.1397712418300653 0.2172946859903382
3 0.7170751633986928 0.5807487922705314 0.099297385620915 0.21316425120772947
3 0.697467320261438 0.7604589371980676 0.15057189542483657 0.1600724637681159
3 0.5537908496732027 0.6720048309178743 0.13222222222222216 0.14666666666666672
3 0.5062908496732027 0.827367149758454 0.14277777777777778 0.17497584541062816
3 0.44607843137254904 0.5668115942028985 0.1204084967320262 0.1518357487922705