8 0.5594187500000001 0.83065 0.23133750000000006 0.3046333333333333
8 0.149025 0.8218416666666667 0.24305 0.3070166666666667
8 0.30151875 0.4798333333333333 0.24053125 0.31299999999999994
8 0.35068125 0.775825 0.21136250000000004 0.3283166666666667
8 0.7735625 0.7799416666666666 0.22463124999999992 0.31654999999999994
8 0.75999375 0.5506833333333334 0.1649875 0.22804166666666656
8 0.13119375 0.14065 0.19489374999999998 0.22129166666666666
8 0.56413125 0.6132666666666666 0.20825624999999995 0.14653333333333327
8 0.5879625 0.480025 0.19592500000000002 0.13671666666666663
8 0.8437 0.3861583333333333 0.2624000000000001 0.22899166666666665
8 0.72234375 0.2790666666666667 0.1871875 0.2547916666666667