4 0.506078125 0.5110703125 0.36979166666666674 0.5065078125000001
4 0.5453125 0.887890625 0.28229166666666666 0.22421875
4 0.8984375 0.15689843750000002 0.203125 0.2877578125
4 0.2886302083333333 0.177734375 0.28211979166666656 0.32421875
4 0.19010416666666666 0.42252343750000004 0.25173437499999995 0.31900781249999993
4 0.775171875 0.7552109374999999 0.18576562500000005 0.30208593749999996
4 0.9330729166666667 0.7890625 0.13385416666666666 0.4125
4 0.93828125 0.434765625 0.1234375 0.29140625
4 0.7838541666666666 0.47525781250000004 0.18229166666666666 0.35416406249999993
4 0.32864583333333336 0.821484375 0.19270833333333334 0.35703125
4 0.12135416666666667 0.896484375 0.24270833333333333 0.20546875
4 0.53125 0.1328125 0.2118072916666667 0.26041406249999993