7 0.7015625 0.2666946778711485 0.25625 0.24393090569561157
7 0.7324250000000001 0.7773109243697479 0.20546875 0.36881419234360413
7 0.87734375 0.5117927170868347 0.2203125 0.32329598506069096
7 0.91484375 0.28244631185807656 0.1484375 0.28944911297852477
7 0.60078125 0.49253034547152197 0.1953125 0.24276377217553688
7 0.33515625 0.7796451914098973 0.2171875 0.32212885154061627
7 0.24101875 0.5538095238095238 0.24453125 0.30462184873949577
7 0.4390625 0.3553968253968254 0.25 0.24859943977591037
7 0.21484375 0.4277591036414566 0.1859375 0.32329598506069096
7 0.13476875 0.31221288515406165 0.11328125 0.376984126984127
7 0.32578125 0.16632119514472454 0.1890625 0.2299253034547152
7 0.53164375 0.14064425770308123 0.16640625 0.24859943977591037
7 0.0609375 0.49661998132586366 0.121875 0.3956582633053221
7 0.546875 0.7884033613445379 0.190625 0.3863211951447247
7 0.75508125 0.09687208216619982 0.16015625 0.1704014939309057