3 0.2402694786174575 0.62870703125 0.3360398359695373 0.15845312499999994
3 0.3926069127123608 0.5099218750000001 0.26188049209138836 0.17348828125000004
3 0.45578793204452256 0.34659765625 0.2827943760984183 0.17235937499999995
3 0.3738664323374341 0.20519140624999999 0.31813122437024016 0.09006640624999998
3 0.22280609256004685 0.12841015625000002 0.2815758640890451 0.14483984374999997
3 0.39262448740480377 0.953125 0.3322202694786174 0.09375
3 0.626473345049795 0.86728515625 0.3234387814879907 0.18253906250000007
3 0.8181370826010544 0.7348007812499999 0.3084065612185119 0.17533203124999996
3 0.9012888107791447 0.5884453125 0.1974223784417106 0.18470312500000005
3 0.9032396016403046 0.43415625 0.1935149384885764 0.14956250000000004
3 0.9188635032220269 0.30951953125 0.1622729935559461 0.12685156250000001
3 0.8875219683655536 0.1771484375 0.22495606326889278 0.119921875
3 0.7988459285295841 0.082734375 0.2854540128881078 0.11078515625
3 0.6562390158172232 0.03162890625 0.2814294083186878 0.0632578125