8 0.40318333333333334 0.7809937499999999 0.29526666666666673 0.227825
8 0.7478583333333333 0.81475 0.26794166666666663 0.22033749999999996
8 0.7653583333333333 0.38301875 0.2640499999999999 0.19019999999999995
8 0.559275 0.5992999999999999 0.2630000000000001 0.19776875000000005
8 0.5356666666666666 0.23424375 0.26578333333333337 0.16765625
8 0.11323333333333332 0.30113125 0.20425000000000001 0.16392500000000002
8 0.39430833333333337 0.33738124999999997 0.21083333333333337 0.16143124999999997
8 0.3618 0.511575 0.3069416666666667 0.17648750000000007
8 0.10935 0.81641875 0.20758333333333331 0.24033749999999998
8 0.7548083333333333 0.56054375 0.23183333333333328 0.19525625000000005
8 0.5795583333333334 0.43531875 0.2091166666666667 0.18230000000000005