8 0.49175624999999995 0.5673916666666666 0.21268125 0.2781166666666667
8 0.6261125 0.30401666666666666 0.21055624999999992 0.28470833333333334
8 0.22075625 0.6868500000000001 0.19151249999999997 0.2614833333333333
8 0.884825 0.7590833333333333 0.20298125 0.2503916666666667
8 0.7621375 0.49905 0.19510625000000004 0.28587499999999993
8 0.43864375 0.28512499999999996 0.1856125 0.26914166666666667
8 0.18825624999999999 0.12538333333333335 0.22651874999999996 0.25075833333333336
8 0.3322 0.49488333333333334 0.16856875000000002 0.24975833333333336
8 0.67860625 0.688525 0.18221249999999997 0.27593333333333325
8 0.15576250000000003 0.9086083333333332 0.1948625 0.18277499999999994
8 0.8748312500000001 0.2942916666666667 0.16632499999999995 0.21524999999999997
8 0.7559375 0.9154166666666667 0.170625 0.16916666666666666