3 0.512012012012012 0.6077089337175793 0.07707707707707707 0.11167146974063401
3 0.51001001001001 0.34221902017291067 0.08708708708708708 0.10518731988472622
3 0.5380380380380381 0.4329971181556196 0.08308308308308308 0.1138328530259366
3 0.5773273273273273 0.5367435158501441 0.08958958958958958 0.10230547550432277
3 0.3483483483483483 0.5003602305475504 0.1061061061061061 0.10734870317002881
3 0.4722222222222222 0.5046829971181557 0.10560560560560561 0.10158501440922191
3 0.4219219219219219 0.6113112391930836 0.08108108108108109 0.12175792507204611
3 0.4294294294294294 0.7301873198847262 0.08608608608608609 0.1260806916426513
3 0.5903403403403403 0.8263688760806917 0.08158158158158157 0.13976945244956773
3 0.6579079079079079 0.7226224783861671 0.08058058058058058 0.11959654178674352
3 0.29354354354354356 0.6534582132564841 0.08058058058058058 0.11959654178674352
3 0.23973973973973975 0.7359510086455331 0.0890890890890891 0.12031700288184438
3 0.16366366366366367 0.6617435158501441 0.1011011011011011 0.09582132564841499
3 0.15115115115115116 0.7899855907780979 0.07807807807807808 0.11887608069164265
3 0.31431431431431434 0.7835014409221902 0.07607607607607608 0.13184438040345822
3 0.6911911911911912 0.4765850144092219 0.09309309309309309 0.12752161383285301
3 0.7397397397397397 0.6952449567723343 0.08208208208208208 0.10806916426512968
3 0.8583583583583584 0.6858789625360231 0.08708708708708708 0.10662824207492795
3 0.8073073073073073 0.7543227665706052 0.06506506506506507 0.14553314121037464
3 0.9061561561561562 0.8007925072046109 0.08458458458458458 0.09438040345821326
3 0.5788288288288288 0.659221902017291 0.06656656656656657 0.13688760806916425