7 0.7593247186327636 0.8096875 0.20143809920800335 0.380625
7 0.340254272613589 0.595825 0.19280533555648185 0.35289374999999995
7 0.5038432680283451 0.43235625 0.18233847436431844 0.31971249999999996
7 0.6657565652355149 0.27076875 0.23522300958732814 0.30278750000000004
7 0.10373488953730722 0.2910875 0.18245518966235932 0.31217500000000004
7 0.10685702375989997 0.84875 0.209545644018341 0.3025
7 0.1931346394330971 0.5283125 0.17367653188828677 0.31786875000000003
7 0.8991246352646937 0.6158250000000001 0.20175072947061276 0.3178937499999999
7 0.3992288453522301 0.11793125 0.1815381408920384 0.22835625
7 0.8443518132555231 0.33234375 0.15473113797415583 0.3446875
7 0.5794872863693206 0.68583125 0.18773655689870783 0.33291875000000004