7 0.71026875 0.18147774979009235 0.1955375000000001 0.3338455079764904
7 0.50800625 0.20078925272879933 0.20351249999999993 0.3220990764063812
7 0.29865625 0.2192611251049538 0.22231875 0.28067170445004197
7 0.9145812499999999 0.2419395465994962 0.17083124999999996 0.2980352644836272
7 0.666525 0.4283627204030227 0.18305000000000007 0.27905961376994126
7 0.85483125 0.39980688497061295 0.20965624999999988 0.23314021830394624
7 0.483425 0.4311586901763224 0.19601875000000007 0.25106633081444163
7 0.14535625 0.4160453400503778 0.14903750000000002 0.23202350965575141
7 0.15993125 0.6203862300587741 0.18653125000000004 0.2712762384550797
7 0.393025 0.6520151133501259 0.17355000000000004 0.2841645675902603
7 0.57174375 0.6285054575986565 0.18932500000000005 0.259521410579345
7 0.75421875 0.6539798488664987 0.18760625000000006 0.29367758186397985
7 0.9165625 0.6448362720403022 0.166875 0.3157010915197313
7 0.83795625 0.825281276238455 0.18008125000000008 0.23326616288832908
7 0.65985625 0.8280856423173804 0.1863875000000001 0.22767422334172963
7 0.4773875 0.8059697732997481 0.18810625000000003 0.22262804366078914
7 0.2774125 0.7855331654072208 0.22148749999999995 0.2545340050377833
7 0.09598124999999999 0.8375986565910999 0.17113125000000004 0.1907220822837951