3 0.5777375 0.375 0.4429687500000001 0.7291666666666666
3 0.39726875 0.6276083333333333 0.21015625 0.434375
3 0.6209812500000002 0.5375 0.05625000000000007 0.07738333333333325
3 0.6720999999999999 0.5294666666666666 0.06383749999999992 0.09702500000000006
3 0.6696437500000001 0.4357166666666667 0.051787500000000077 0.08095000000000004
3 0.568525 0.27024166666666666 0.06383750000000006 0.1
3 0.67098125 0.31934166666666663 0.05446249999999992 0.07916666666666666
3 0.64643125 0.666075 0.05893124999999998 0.07261666666666675
3 0.6200874999999999 0.36309166666666665 0.06874999999999992 0.07619166666666663
3 0.56606875 0.4583333333333333 0.05535624999999996 0.09285833333333339
3 0.63080625 0.265175 0.05446249999999999 0.0803583333333333
3 0.69464375 0.24255833333333332 0.051787500000000077 0.09225833333333334
3 0.725 0.32261666666666666 0.06071249999999992 0.07619166666666671
3 0.5654 0.190475 0.065625 0.06905000000000001
3 0.62856875 0.18095 0.06964374999999996 0.07857499999999999