11 0.7490625 0.8604323308270677 0.224375 0.2791353383458647
11 0.44988750000000005 0.5067575187969925 0.21644374999999996 0.32931390977443603
11 0.61861875 0.525874060150376 0.16223125000000002 0.28608082706766913
11 0.498425 0.8423308270676692 0.17601875000000006 0.25484022556390984
11 0.9064937500000001 0.38831766917293237 0.1296562499999999 0.20519736842105268
11 0.7773375 0.6449342105263158 0.22134375000000006 0.19838345864661647
11 0.25429375 0.7307894736842104 0.15442499999999998 0.2823778195488722
11 0.18326250000000002 0.5286842105263158 0.14986249999999998 0.18518796992481198
11 0.443225 0.2689285714285714 0.15311875 0.17320488721804508
11 0.27241875 0.2043890977443609 0.12817499999999998 0.1819548872180451
11 0.5590437500000001 0.1868421052631579 0.10142499999999999 0.19699248120300755