11 0.578203125 0.47983072916666664 0.12125000000000008 0.21903645833333338
11 0.759814453125 0.6840234375 0.1641601562499999 0.18992187499999993
11 0.5541796875 0.89609375 0.16304687500000004 0.20781249999999987
11 0.2813671875 0.8647786458333333 0.152578125 0.20769531249999998
11 0.880888671875 0.41497395833333334 0.17193359374999995 0.21954427083333336
11 0.330380859375 0.15609375 0.160771484375 0.25384114583333334
11 0.69517578125 0.1550390625 0.15597656250000003 0.2309244791666667
11 0.71412109375 0.3946614583333334 0.143076171875 0.2309895833333333
11 0.40244140625 0.6824609375 0.14473632812500004 0.17638020833333337
11 0.085302734375 0.6097916666666666 0.15107421875 0.19251302083333335
11 0.473330078125 0.35063802083333334 0.134169921875 0.18983072916666663
11 0.353818359375 0.5459895833333334 0.12951171875 0.17425781250000005
11 0.243876953125 0.6413151041666666 0.14009765624999998 0.20867187499999998
11 0.18392578125 0.19567708333333333 0.15690429687500002 0.24968749999999998