6 0.08047385620915033 0.11611374407582939 0.1576797385620915 0.23222748815165878
6 0.2798202614379085 0.1895734597156398 0.2099673202614379 0.33175355450236965
6 0.09640522875816994 0.35545023696682465 0.19281045751633988 0.3127962085308057
6 0.238562091503268 0.5669431279620853 0.20915032679738563 0.29976303317535546
6 0.08946078431372549 0.8459715639810427 0.17565359477124182 0.3080568720379147
6 0.4325980392156863 0.3862559241706161 0.20179738562091504 0.3412322274881517
6 0.4424019607843137 0.7399289099526066 0.24101307189542484 0.3424170616113744
6 0.2638888888888889 0.8708530805687204 0.22058823529411764 0.25829383886255924
6 0.5016339869281046 0.12618483412322276 0.20588235294117646 0.2523696682464455
6 0.6580882352941176 0.29917061611374407 0.20506535947712418 0.30924170616113744
6 0.6372549019607843 0.5841232227488151 0.20915032679738563 0.2914691943127962
6 0.7013888888888888 0.8518957345971564 0.26552287581699346 0.2962085308056872
6 0.8370098039215687 0.5764218009478673 0.23937908496732027 0.30450236966824645
6 0.8741830065359477 0.3003554502369668 0.2173202614379085 0.23104265402843602
6 0.9093137254901961 0.8471563981042654 0.18137254901960784 0.3056872037914692
6 0.7422385620915033 0.09893364928909952 0.24591503267973855 0.19786729857819904