6 0.4081535947712418 0.24165697674418604 0.268921568627451 0.3815406976744186
6 0.43165032679738563 0.6607267441860465 0.2750490196078432 0.46389534883720923
6 0.14570261437908497 0.533546511627907 0.27504901960784317 0.39848837209302324
6 0.06875816993464053 0.13444767441860464 0.13480392156862744 0.2688953488372093
6 0.14944444444444444 0.8742732558139535 0.29888888888888887 0.251453488372093
6 0.661078431372549 0.28404069767441853 0.2437418300653594 0.33066860465116277
6 0.6818464052287582 0.6583139534883722 0.2444117647058824 0.39607558139534893
6 0.9191176470588235 0.24563953488372092 0.16176470588235295 0.3691860465116279
6 0.8663562091503269 0.5450581395348837 0.19130718954248363 0.33430232558139533
6 0.8982843137254902 0.845203488372093 0.2034313725490196 0.30959302325581395
6 0.20915032679738563 0.1511627906976744 0.20915032679738563 0.3023255813953488