4 0.10733660130718954 0.13960244648318043 0.21263071895424837 0.27840978593272175
4 0.3700980392156863 0.2776146788990826 0.24591503267973855 0.43978593272171257
4 0.6699346405228758 0.18376146788990827 0.23284313725490197 0.3674923547400612
4 0.4908169934640523 0.05987767584097859 0.20547385620915032 0.11972477064220186
4 0.8720424836601308 0.11262996941896024 0.2224346405228759 0.22525993883792048
4 0.1665686274509804 0.4630275229357798 0.23305555555555554 0.3901529051987767
4 0.039019607843137245 0.638348623853211 0.07802287581699346 0.4311009174311927
4 0.16401960784313724 0.8251070336391437 0.22181372549019607 0.3497553516819572
4 0.3470261437908497 0.6662385321100918 0.2201797385620915 0.40281345565749244
4 0.5543300653594772 0.5074006116207951 0.21405228758169934 0.3870948012232415
4 0.8288398692810458 0.38926605504587153 0.23202614379084968 0.40311926605504583
4 0.9297385620915033 0.7400611620795107 0.14052287581699346 0.42201834862385323
4 0.7270261437908496 0.7488379204892966 0.2346895424836601 0.4150764525993884
4 0.5326797385620915 0.8409785932721713 0.24509803921568626 0.3180428134556575
4 0.33763071895424834 0.9321406727828746 0.2340686274509804 0.13568807339449543