7 0.09929738562091504 0.14689655172413793 0.1985947712418301 0.29379310344827586
7 0.27488562091503266 0.16150246305418717 0.17521241830065362 0.30706896551724144
7 0.4614052287581699 0.1531527093596059 0.19632352941176467 0.30554187192118226
7 0.654607843137255 0.13477832512315271 0.18803921568627457 0.2695320197044335
7 0.8428921568627451 0.2003448275862069 0.18753267973856205 0.3051970443349754
7 0.8164869281045751 0.5088423645320197 0.23026143790849665 0.39167487684729074
7 0.6033169934640523 0.4212807881773399 0.19607843137254902 0.3605911330049262
7 0.4155392156862745 0.4072660098522167 0.18753267973856205 0.29463054187192117
7 0.16642156862745097 0.38945812807881774 0.18702614379084964 0.31206896551724134
7 0.04098039215686274 0.37182266009852216 0.08194444444444446 0.31091133004926114
7 0.10356209150326796 0.6985221674876848 0.18199346405228758 0.2973645320197045
7 0.2955065359477124 0.7172906403940887 0.19632352941176473 0.3690147783251231
7 0.4953431372549019 0.7242857142857143 0.1988398692810458 0.40955665024630533
7 0.7095261437908497 0.779064039408867 0.20486928104575164 0.4092118226600985
7 0.9158496732026143 0.7832512315270936 0.16830065359477125 0.39901477832512317
7 0.13875816993464052 0.9047044334975369 0.2523856209150327 0.1905911330049261
7 0.3754411764705883 0.9094334975369459 0.20537581699346405 0.1811330049261083
7 0.5917483660130719 0.9151231527093596 0.21316993464052295 0.1697536945812807