7 0.14807189542483662 0.18955882352941178 0.29612745098039217 0.3519607843137254
7 0.4415522875816994 0.21897058823529414 0.27225490196078433 0.4379411764705883
7 0.6217320261437909 0.1323529411764706 0.20751633986928106 0.2647058823529412
7 0.8313235294117647 0.22350490196078432 0.2347875816993465 0.44700980392156864
7 0.941797385620915 0.4371568627450981 0.11638888888888892 0.5718872549019609
7 0.6679248366013072 0.5535049019607844 0.23982026143790847 0.5594852941176471
7 0.37857843137254904 0.5623529411764706 0.4001960784313725 0.43014705882352944
7 0.25326797385620914 0.7679166666666667 0.2626960784313725 0.46416666666666667
7 0.5227450980392158 0.8659558823529412 0.26068627450980386 0.2680882352941176
7 0.8320751633986928 0.8037254901960784 0.2413235294117648 0.3925245098039215
7 0.060588235294117644 0.8291911764705883 0.12116013071895426 0.3416176470588235