7 0.15383986928104576 0.23503703703703704 0.2926143790849673 0.38953086419753086
7 0.37380718954248365 0.21792592592592597 0.25490196078431365 0.33254320987654323
7 0.6011764705882353 0.2526913580246914 0.24459150326797377 0.2995061728395062
7 0.769983660130719 0.12540740740740738 0.26294117647058823 0.2348641975308642
7 0.579248366013072 0.06419753086419754 0.23039215686274508 0.12839506172839507
7 0.8500490196078432 0.37256790123456784 0.2999019607843137 0.28471604938271605
7 0.5962745098039216 0.4884197530864198 0.28254901960784307 0.2657530864197531
7 0.3640032679738563 0.47950617283950614 0.2604248366013072 0.289679012345679
7 0.13361111111111107 0.5285185185185185 0.2647058823529412 0.3193333333333334
7 0.1284640522875817 0.8153580246913581 0.2569117647058824 0.2928148148148149
7 0.33156862745098037 0.7629382716049383 0.31120915032679736 0.35511111111111104
7 0.5902450980392158 0.743358024691358 0.2906045751633987 0.29698765432098756
7 0.8725490196078431 0.6308641975308642 0.2549019607843137 0.2740740740740741
7 0.845016339869281 0.8715061728395062 0.30995098039215696 0.25698765432098775
7 0.6087254901960785 0.9265925925925925 0.2898366013071895 0.1468148148148149
7 0.34088235294117647 0.9398765432098765 0.26446078431372555 0.12022222222222236
7 0.12279411764705883 0.9579259259259258 0.21794117647058822 0.08414814814814825