8 0.19127589967284625 0.17766666666666667 0.20806979280261725 0.3508888888888889
8 0.4099236641221374 0.171 0.21570338058887673 0.33753703703703714
8 0.6177753544165758 0.1721111111111111 0.19083969465648856 0.3323518518518519
8 0.8418756815703381 0.1950740740740741 0.2311886586695747 0.37829629629629635
8 0.0857142857142857 0.4667777777777778 0.1714285714285714 0.33281481481481484
8 0.2791712104689204 0.4788148148148148 0.1875681570338059 0.3235555555555556
8 0.4847328244274809 0.48862962962962964 0.21264994547437296 0.3395000000000001
8 0.6945474372955289 0.49844444444444447 0.20479825517993452 0.35542592592592587
8 0.895092693565976 0.5080925925925927 0.18931297709923653 0.3746851851851853
8 0.7787350054525627 0.8123888888888888 0.20741548527808074 0.3351481481481481
8 0.5676117775354417 0.7957222222222221 0.22137404580152673 0.3684814814814814
8 0.3563794983642312 0.7946111111111112 0.21112322791712107 0.3736666666666667
8 0.1370774263904035 0.7929444444444443 0.2152671755725191 0.37403703703703695