8 0.1681436567164179 0.3069698033707865 0.30597014925373134 0.3639360955056179
8 0.0480410447761194 0.5473455056179775 0.0960820895522388 0.3524192415730337
8 0.999883395522388 0.7213834269662921 0.0002332089552238806 0.5572331460674157
8 0.14447294776119404 0.07131320224719101 0.28661380597014924 0.1419241573033708
8 0.4496268656716418 0.15402738764044943 0.3255597014925373 0.30805477528089886
8 0.8387360074626866 0.139624297752809 0.3225279850746269 0.27503862359550557
8 0.7100046641791045 0.37281601123595504 0.349580223880597 0.3902949438202247
8 0.39377332089552236 0.5011692415730337 0.34211753731343286 0.3836587078651685
8 0.18353544776119404 0.7924859550561798 0.34841417910447764 0.41502808988764045
8 0.5787080223880597 0.8065308988764045 0.39015858208955223 0.386938202247191
8 0.8725513059701493 0.7308462078651685 0.25489738805970147 0.46379564606741586
8 0.945429104477612 0.3747436797752809 0.10914179104477612 0.35552668539325843