8 0.1040921409214092 0.13575569358178052 0.2007859078590786 0.25948240165631464
8 0.3105420054200542 0.10262939958592131 0.19979674796747962 0.19320910973084884
8 0.5078861788617887 0.11316770186335404 0.18551490514905145 0.21430641821946167
8 0.7030081300813009 0.11693581780538302 0.19142276422764226 0.22182194616977227
8 0.9010840108401084 0.13971014492753625 0.19340108401084014 0.27867494824016564
8 0.8136178861788619 0.332111801242236 0.20078590785907868 0.3246790890269151
8 0.6139430894308943 0.31459627329192547 0.19807588075880753 0.32354037267080743
8 0.40872628726287263 0.30594202898550726 0.19659891598915993 0.3137474120082816
8 0.2060840108401084 0.3130848861283644 0.20768292682926834 0.29041407867494834
8 0.3064769647696477 0.5227950310559006 0.2039972899728998 0.3258592132505176
8 0.5163821138211382 0.5222360248447205 0.20990514905149046 0.3209730848861283
8 0.731829268292683 0.5418219461697722 0.20472899728997287 0.34507246376811584
8 0.516869918699187 0.804223602484472 0.24044715447154463 0.36546583850931674