8 0.09 0.1658375 0.18 0.17567750000000001
8 0.162 0.07082250000000001 0.13733333333333334 0.1416425
8 0.2613333333333333 0.21184249999999996 0.18933333333333333 0.14768749999999997
8 0.42833333333333334 0.21859500000000004 0.19666666666666666 0.14618750000000003
8 0.2946666666666667 0.0823225 0.176 0.1386475
8 0.4646666666666667 0.090325 0.156 0.1346475
8 0.7003333333333334 0.11533 0.20733333333333334 0.16466
8 0.889 0.0665675 0.17133333333333334 0.10213749999999999
8 0.9063333333333333 0.2020925 0.17933333333333334 0.163185
8 0.764 0.243095 0.128 0.10518999999999999
8 0.6366666666666667 0.2798525 0.15333333333333332 0.14370500000000003
8 0.5863333333333334 0.16958 0.126 0.06816249999999996
8 0.5923333333333334 0.04175 0.15133333333333332 0.0835
8 0.2703333333333333 0.3486125 0.16066666666666668 0.12622500000000003
8 0.43966666666666665 0.33561 0.15266666666666667 0.12022000000000002
8 0.09666666666666666 0.3706175 0.16666666666666666 0.150235
8 0.5486666666666666 0.39837 0.164 0.13074000000000002
8 0.8366666666666667 0.3528625 0.15333333333333332 0.10972249999999997
8 0.7326666666666667 0.399365 0.132 0.07273000000000002
8 0.20533333333333334 0.47013 0.184 0.11925999999999999
8 0.38533333333333336 0.473885 0.19733333333333333 0.1717675
8 0.665 0.53139 0.17666666666666667 0.13677999999999998
8 0.8226666666666667 0.6309075000000001 0.21866666666666668 0.1858175000000001
8 0.8386666666666667 0.48063 0.17066666666666666 0.11026
8 0.9566666666666667 0.4563775 0.08666666666666667 0.12675750000000005
8 0.9466666666666667 0.58865 0.10666666666666667 0.1462974999999999
8 0.48133333333333334 0.5979 0.176 0.13979999999999995
8 0.6356666666666667 0.700915 0.198 0.14583249999999998
8 0.29733333333333334 0.5883999999999999 0.15466666666666667 0.15079999999999996
8 0.08666666666666667 0.59365 0.16 0.1563025
8 0.167 0.7094175 0.20733333333333334 0.15283500000000003
8 0.436 0.7556775 0.21866666666666668 0.18035249999999997
8 0.8 0.7516725 0.14666666666666667 0.13234500000000002
8 0.9433333333333334 0.8391900000000001 0.11333333333333333 0.17737750000000005
8 0.771 0.8841925 0.21533333333333332 0.14738750000000003
8 0.547 0.92525 0.24733333333333332 0.1495
8 0.6016666666666667 0.8151799999999999 0.17 0.1093599999999999
8 0.3536666666666667 0.8744425 0.18066666666666667 0.14288249999999994
8 0.16 0.8729450000000001 0.2 0.1898900000000001