8 0.5198875000000001 0.69396 0.25113749999999996 0.4235799999999999
8 0.10420000000000001 0.339 0.19704999999999998 0.39727999999999997
8 0.32295 0.27427999999999997 0.23227499999999995 0.41326
8 0.5618124999999999 0.31864 0.2418124999999999 0.41474
8 0.32738750000000005 0.05422 0.22522499999999998 0.10842000000000002
8 0.76795 0.2319 0.22227499999999992 0.39033999999999996
8 0.941475 0.1768 0.11705000000000013 0.33468
8 0.9147750000000001 0.52012 0.17044999999999988 0.33770000000000006
8 0.9136375 0.8401799999999999 0.17272500000000007 0.3196400000000001
8 0.7283 0.57704 0.22705000000000006 0.34607999999999994
8 0.6634125000000001 0.8729 0.23136249999999997 0.2541800000000001
8 0.2163625 0.6216 0.22363750000000004 0.3588199999999999
8 0.382725 0.88564 0.25636250000000005 0.22872000000000003
8 0.1363625 0.88416 0.25455 0.23168000000000005
8 0.035 0.63258 0.07 0.32124
8 0.08875 0.093 0.1775 0.098