11 0.06233660130718954 0.18502450980392154 0.11965686274509804 0.23730392156862742
11 0.20111111111111107 0.09921568627450982 0.196078431372549 0.19769607843137255
11 0.35344771241830064 0.05904411764705882 0.14882352941176472 0.11808823529411765
11 0.511437908496732 0.11865196078431371 0.1606372549019607 0.23727941176470588
11 0.7672222222222222 0.04622549019607843 0.13173202614379087 0.08039215686274509
11 0.903218954248366 0.06433823529411764 0.12720588235294103 0.12865196078431373
11 0.7978921568627451 0.16767156862745097 0.1729575163398693 0.20259803921568625
11 0.6444117647058824 0.21009803921568626 0.12996732026143784 0.1931862745098039
11 0.3954248366013072 0.2063235294117647 0.14730392156862743 0.17056372549019608
11 0.24032679738562093 0.2717647058823529 0.18401960784313726 0.2147058823529412
11 0.08346405228758169 0.3224754901960784 0.16189542483660133 0.20681372549019605
11 0.0486437908496732 0.500686274509804 0.08472222222222223 0.2577696078431373
11 0.04751633986928104 0.7456127450980392 0.09501633986928106 0.23860294117647066
11 0.12003267973856208 0.9262745098039216 0.12694444444444444 0.14742647058823524
11 0.2063888888888889 0.7214950980392157 0.19155228758169937 0.2054166666666666
11 0.18852941176470586 0.49747549019607845 0.18099673202614375 0.2551225490196078
11 0.3572222222222222 0.39318627450980387 0.17143790849673202 0.20117647058823526
11 0.5192320261437908 0.3424754901960784 0.1410294117647058 0.20906862745098043
11 0.7430882352941176 0.3281372549019608 0.1437908496732026 0.16531862745098036
11 0.9105065359477125 0.3194607843137255 0.136748366013072 0.2158578431372549
11 0.8227777777777778 0.48992647058823524 0.15133986928104576 0.2702205882352941
11 0.6497058823529411 0.4787990196078431 0.15560457516339873 0.259264705882353
11 0.49271241830065365 0.5176470588235293 0.15584967320261436 0.17857843137254906
11 0.36866013071895426 0.6083578431372549 0.19683006535947714 0.23553921568627442
11 0.5691339869281046 0.6807598039215687 0.16792483660130716 0.22953431372549013
11 0.44267973856209153 0.81125 0.16138888888888886 0.24919117647058814
11 0.2869607843137255 0.8912009803921569 0.16918300653594776 0.21301470588235286
11 0.4411764705882353 0.9564460784313726 0.14831699346405225 0.08710784313725481
11 0.6351143790849673 0.855 0.14655228758169925 0.24617647058823514
11 0.7447222222222222 0.6717156862745098 0.164656862745098 0.2265196078431372
11 0.7819281045751635 0.8546078431372549 0.1485620915032679 0.1624509803921568
11 0.8944117647058824 0.7107352941176471 0.13473856209150334 0.2329411764705882
11 0.9562581699346405 0.5186029411764705 0.0874836601307189 0.23703431372549014
11 0.9386601307189543 0.8866911764705881 0.12267973856209138 0.22661764705882362
11 0.8065686274509803 0.9715196078431373 0.1475653594771241 0.056936274509803965