12 0.19390522875816996 0.23663594470046084 0.2434640522875817 0.35347926267281105
12 0.4383169934640523 0.1454147465437788 0.24482026143790855 0.29006912442396315
12 0.7126960784313726 0.11910138248847926 0.26253267973856204 0.23820276497695853
12 0.922107843137255 0.11276497695852535 0.15576797385620902 0.21707373271889396
12 0.9084967320261438 0.38027649769585253 0.1830065359477124 0.33354838709677415
12 0.691045751633987 0.35071428571428576 0.2600816993464052 0.3127880184331797
12 0.4355882352941176 0.4463594470046083 0.26116013071895433 0.3581336405529954
12 0.14733660130718954 0.541405529953917 0.25380718954248366 0.32168202764976955
12 0.04125816993464052 0.32018433179723504 0.08251633986928104 0.3400460829493087
12 0.06032679738562092 0.08760368663594471 0.10975490196078429 0.17520737327188943
12 0.23937908496732027 0.04785714285714286 0.18736928104575165 0.09493087557603687
12 0.05895424836601307 0.7891705069124424 0.11246732026143792 0.4216589861751152
12 0.23529411764705882 0.8444700460829493 0.24183006535947713 0.31105990783410137
12 0.3242156862745098 0.6539400921658987 0.12009803921568628 0.21647465437788022
12 0.48366013071895425 0.815668202764977 0.238562091503268 0.3686635944700461
12 0.6986601307189543 0.6274423963133641 0.2426470588235294 0.40158986175115197
12 0.9125816993464052 0.809331797235023 0.17483660130718953 0.3813364055299539
12 0.7165032679738562 0.9101382488479263 0.3055555555555556 0.17972350230414746