4 0.374983660130719 0.2634556574923548 0.2270915032679739 0.38926605504587164
4 0.3492483660130719 0.6633639143730886 0.20830065359477126 0.3863608562691131
4 0.5499019607843137 0.498868501529052 0.2256209150326798 0.3937308868501529
4 0.8243627450980392 0.3905504587155963 0.21898692810457512 0.3988379204892966
4 0.7303267973856209 0.753822629969419 0.21883986928104568 0.3990519877675841
4 0.5369281045751635 0.8440366972477065 0.20784313725490203 0.3119266055045872
4 0.923202614379085 0.7308868501529052 0.15359477124183007 0.4036697247706422
4 0.6677450980392158 0.16507645259938836 0.22439542483660138 0.3224770642201835
4 0.8754575163398692 0.10672782874617737 0.21905228758169926 0.19051987767584097
4 0.1569934640522876 0.8287461773700305 0.1996078431372549 0.3425076452599388
4 0.1633169934640523 0.4619877675840978 0.22450980392156863 0.3735168195718654
4 0.11344771241830066 0.14577981651376148 0.21872549019607845 0.27629969418960243
4 0.34844771241830064 0.9319571865443425 0.18627450980392157 0.13608562691131498