2 0.3842291666666667 0.6997734375 0.41429166666666667 0.43782031249999986
2 0.29362499999999997 0.354 0.2747604166666667 0.23846875
2 0.5126145833333333 0.31532031250000003 0.1658541666666667 0.23142187500000003
2 0.6951354166666667 0.4417109375 0.23402083333333343 0.25373437499999996
2 0.5761458333333334 0.5348828125 0.14709375000000005 0.17054687499999996
2 0.12985416666666666 0.42490625 0.18159374999999997 0.1810625
2 0.09991666666666667 0.199671875 0.179 0.12512500000000001
2 0.17698958333333334 0.3075 0.14564583333333334 0.12203125000000004
2 0.23114583333333333 0.14946874999999998 0.12896875 0.1536328125
2 0.36393749999999997 0.188734375 0.13413541666666665 0.11886718750000003
2 0.3265625 0.061328125 0.23645833333333333 0.12265625
2 0.04784375 0.0881328125 0.0956875 0.148140625
2 0.68603125 0.8810546875 0.18976041666666674 0.237890625
2 0.895625 0.6413515624999999 0.20792708333333346 0.2545703125000001
2 0.6899270833333334 0.20709375 0.20278125000000008 0.11653124999999998