12 0.6770833333333334 0.5188671874999999 0.4791666666666667 0.20882812499999998
12 0.7955729166666666 0.72221875 0.4088541666666667 0.2522500000000001
12 0.5479166666666667 0.8693359375 0.49166666666666664 0.261328125
12 0.8958333333333334 0.9171875 0.20833333333333334 0.165625
12 0.27760416666666665 0.9357421875 0.253125 0.128515625
12 0.15520833333333334 0.7835546875 0.3104166666666667 0.21085937500000007
12 0.40911458333333334 0.6567734375 0.4901041666666667 0.19558593749999992
12 0.2875 0.5186640625 0.3875 0.16546093749999996
12 0.6638020833333333 0.386421875 0.3848958333333333 0.12361718750000002
12 0.29140625 0.386421875 0.1921875 0.12361718750000002
12 0.6927083333333334 0.2520234375 0.3854166666666667 0.16733593749999998
12 0.39140625 0.26042187499999997 0.2671875 0.14116406249999996
12 0.76484375 0.159625 0.27447916666666666 0.1114375
12 0.45546875 0.1084453125 0.2598958333333333 0.1262734375