11 0.05065359477124183 0.07720588235294118 0.10130718954248366 0.14950980392156862
11 0.20759803921568626 0.15931372549019607 0.12106209150326798 0.22950980392156858
11 0.48684640522875816 0.17267156862745098 0.07352941176470588 0.22504901960784313
11 0.36169934640522877 0.08355392156862745 0.09952614379084962 0.1671078431372549
11 0.6543300653594771 0.09024509803921568 0.17379084967320263 0.13147058823529412
11 0.7876633986928104 0.07409313725490195 0.15225490196078423 0.14816176470588235
11 0.8597058823529412 0.22561274509803922 0.10472222222222217 0.1660049019607843
11 0.9436274509803921 0.08823529411764706 0.11274509803921569 0.17647058823529413
11 0.3290196078431373 0.28855392156862747 0.09952614379084962 0.13590686274509808
11 0.08096405228758169 0.3108333333333333 0.10843137254901958 0.1582107843137255
11 0.19905228758169932 0.4623529411764706 0.13962418300653592 0.22058823529411764
11 0.05199346405228758 0.611078431372549 0.08616013071895426 0.19274509803921566
11 0.17862745098039215 0.7152450980392157 0.07799019607843138 0.23174019607843133
11 0.07947712418300654 0.9124264705882352 0.09952614379084966 0.16710784313725505
11 0.29782679738562096 0.8890441176470588 0.158937908496732 0.21835784313725498
11 0.3416503267973856 0.5564950980392157 0.10694444444444443 0.18159313725490203
11 0.4641993464052287 0.40943627450980397 0.1292320261437909 0.19497549019607846
11 0.42818627450980395 0.7291666666666666 0.140375816993464 0.1526225490196078
11 0.4523202614379085 0.9322549019607843 0.12328431372549023 0.13546568627450975
11 0.6134803921568627 0.8060294117647059 0.121813725490196 0.16823529411764704
11 0.5889705882352941 0.544779411764706 0.11437908496732026 0.18938725490196082
11 0.6714215686274511 0.3019117647058824 0.0950653594771241 0.1715686274509804
11 0.7364052287581699 0.6205392156862746 0.10026143790849676 0.19830882352941168
11 0.8221895424836602 0.44563725490196077 0.1203267973856209 0.16041666666666665
11 0.9027777777777778 0.7035539215686275 0.1388888888888889 0.22615196078431368
11 0.7449509803921569 0.8851470588235294 0.11437908496732026 0.16154411764705875
11 0.9011437908496732 0.9105392156862745 0.1323529411764706 0.17892156862745098
11 0.9493464052287581 0.4328186274509804 0.10130718954248366 0.16600490196078435