4 0.46796875 0.5895859375 0.30572916666666666 0.3424609375000001
8 0.4395833333333333 0.3887578125 0.0875 0.06579687500000002
8 0.359375 0.39051562500000003 0.09375 0.06540625000000003
8 0.6059895833333333 0.200640625 0.07135416666666666 0.060664062499999984
8 0.47708333333333336 0.19048437499999998 0.07916666666666666 0.05596874999999999
8 0.54375 0.178375 0.06666666666666667 0.05518749999999999
8 0.375 0.2020078125 0.08333333333333333 0.03604687499999999
8 0.40859375 0.16314062499999998 0.0828125 0.048148437499999995
8 0.55 0.117234375 0.058333333333333334 0.04617968750000001
8 0.42682291666666666 0.121921875 0.0671875 0.03992968750000001
8 0.65390625 0.1688046875 0.06302083333333333 0.055570312499999996
4 0.7447916666666666 0.8056171875 0.07291666666666667 0.04795312500000008
4 0.6638020833333333 0.7868671875000001 0.07239583333333334 0.057320312499999915
4 0.7489583333333333 0.72025 0.08125 0.052999999999999936
4 0.7572916666666667 0.7575624999999999 0.07708333333333334 0.03778124999999992
4 0.6700520833333333 0.737046875 0.08489583333333334 0.04753906249999993
4 0.9013020833333333 0.4549765625 0.10989583333333333 0.045890625000000004
4 0.87578125 0.3979375 0.09010416666666667 0.04118750000000002
4 0.8864583333333333 0.2156796875 0.10625 0.03996093749999998
4 0.7763020833333333 0.219203125 0.10989583333333333 0.039179687499999984
4 0.87265625 0.16607031249999998 0.08385416666666666 0.042289062499999995
4 0.78125 0.1471171875 0.08333333333333333 0.039546875
4 0.9354166666666667 0.10980468750000001 0.1 0.03914843750000001