8 0.8819444444444444 0.5182598039215686 0.2361111111111111 0.3808823529411764
8 0.8284313725490197 0.8566176470588235 0.25163398692810457 0.2867647058823529
8 0.6150980392156863 0.6025980392156863 0.2579738562091503 0.3718627450980393
8 0.6149019607843137 0.8982843137254902 0.1922222222222222 0.2034313725490196
8 0.3946078431372549 0.8872549019607843 0.2565359477124183 0.22549019607843138
8 0.298937908496732 0.5304656862745099 0.24248366013071893 0.38693627450980395
8 0.02161764705882353 0.6210539215686274 0.018039215686274507 0.04468137254901965
8 0.14949346405228758 0.8216911764705882 0.26630718954248367 0.35661764705882354
8 0.427483660130719 0.2205637254901961 0.25039215686274513 0.3308578431372549
8 0.6507679738562091 0.1306862745098039 0.2598692810457516 0.24299019607843136
8 0.8921568627450981 0.16370098039215683 0.21568627450980393 0.31512254901960784
8 0.12637254901960784 0.1285049019607843 0.24867647058823528 0.2508578431372549
8 0.11995098039215686 0.4194362745098039 0.15003267973856207 0.35480392156862745