8 0.5136354166666667 0.555984375 0.4179062499999999 0.2908828124999999
8 0.8136145833333334 0.20982812499999998 0.12202083333333344 0.11418749999999997
8 0.5988020833333334 0.20045312499999998 0.11428125000000004 0.11106249999999998
8 0.8995416666666666 0.1574765625 0.09595833333333322 0.08760937499999999
8 0.45689583333333333 0.20982812499999998 0.14816666666666667 0.08293749999999997
8 0.493875 0.1410625 0.12836458333333337 0.0860390625
8 0.6308333333333334 0.8325781250000001 0.12104166666666671 0.10968750000000008
8 0.7214479166666667 0.7552187499999999 0.11476041666666674 0.0956015625000001
8 0.6214791666666667 0.8938984375000001 0.12684374999999998 0.0567265625000001
8 0.6238125 0.9609062500000001 0.10653124999999998 0.05944531250000011
8 0.7076458333333334 0.1727109375 0.09237500000000007 0.07901562499999999
8 0.32384375 0.2096328125 0.1060208333333333 0.07082031249999998
8 0.4227916666666667 0.07875 0.09558333333333333 0.06687499999999999
8 0.62171875 0.11684375 0.09760416666666671 0.06884375000000001
8 0.7019166666666667 0.0652734375 0.0913333333333334 0.059453124999999996
8 0.3983125 0.1379375 0.09870833333333333 0.048531250000000005