12 0.6313071895424837 0.25735294117647056 0.252532679738562 0.3810049019607843
12 0.14 0.24843137254901962 0.25326797385620914 0.29634803921568625
12 0.16897058823529412 0.4829656862745098 0.2993137254901961 0.24843137254901965
12 0.1288562091503268 0.6433823529411765 0.251781045751634 0.2930147058823529
12 0.47756535947712414 0.5057843137254903 0.2837254901960784 0.27183823529411755
12 0.391421568627451 0.2445343137254902 0.22727124183006542 0.29745098039215684
12 0.7976797385620915 0.559264705882353 0.27629084967320267 0.3876960784313725
12 0.39326797385620915 0.6834803921568627 0.28743464052287576 0.23953431372549025
12 0.6160130718954249 0.8492647058823529 0.24509803921568626 0.3014705882352941
12 0.8697222222222222 0.23450980392156864 0.20053921568627453 0.29968137254901955
12 0.8869607843137256 0.8598529411764706 0.22607843137254896 0.28029411764705886
12 0.2781535947712418 0.07965686274509803 0.2740686274509803 0.1503921568627451