4 0.48333333333333334 0.604421875 0.3 0.20025781249999994
4 0.7174479166666666 0.7966328125000001 0.0859375 0.053414062499999915
4 0.8098958333333334 0.8130390625 0.08854166666666667 0.054984375000000085
4 0.728125 0.75209375 0.08125 0.04246093749999993
4 0.8135416666666667 0.772015625 0.08541666666666667 0.04324999999999992
4 0.7166666666666667 0.713609375 0.1 0.047531249999999935
4 0.8088541666666667 0.72415625 0.08645833333333333 0.045187499999999936
4 0.7479166666666667 0.6780546875 0.1 0.04674218749999994
4 0.8302083333333333 0.6895859375 0.07708333333333334 0.04244531249999994
4 0.8270833333333333 0.639578125 0.07083333333333333 0.05180468749999996
4 0.74765625 0.6343046875 0.08385416666666666 0.052976562499999956
4 0.8934895833333333 0.75053125 0.08385416666666666 0.05496874999999992
4 0.890625 0.666921875 0.052083333333333336 0.059632812499999945
4 0.84296875 0.583515625 0.0765625 0.04514843749999997
4 0.8919270833333334 0.6176875 0.07552083333333333 0.03883593750000003
4 0.7197916666666667 0.585078125 0.06458333333333334 0.048273437499999974
4 0.7286458333333333 0.5495234375 0.071875 0.03185937499999998
4 0.8971354166666666 0.446578125 0.1015625 0.05643750000000001
4 0.8049479166666667 0.452046875 0.09427083333333333 0.051750000000000004
4 0.7432291666666667 0.4354453125 0.059375 0.053703125000000004
4 0.7677083333333333 0.3989140625 0.07708333333333334 0.03923437500000002
4 0.9424479166666667 0.392859375 0.0984375 0.038843750000000024
4 0.8486979166666667 0.39344531250000003 0.07760416666666667 0.04392187500000002
4 0.7875 0.3639453125 0.075 0.043523437500000026
8 0.60078125 0.3926640625 0.08177083333333333 0.07360937500000002
8 0.49713541666666666 0.392859375 0.09322916666666667 0.07009375000000002
8 0.415625 0.39090625 0.08125 0.058375000000000024
8 0.5463541666666667 0.4385703125 0.08229166666666667 0.04432812500000001
8 0.6455729166666667 0.4413046875 0.08802083333333334 0.041984375000000004
8 0.4591145833333333 0.43446875 0.09010416666666667 0.040023437500000016
8 0.6671875 0.188140625 0.07395833333333333 0.06690624999999999
8 0.5294270833333333 0.19165625 0.07447916666666667 0.05049999999999999
8 0.4390625 0.192828125 0.07604166666666666 0.04503124999999999
8 0.4703125 0.15434375 0.096875 0.050101562499999995
8 0.6078125 0.17603125 0.08020833333333334 0.05049999999999999
8 0.7299479166666667 0.1586484375 0.06927083333333334 0.0665078125
8 0.553125 0.13559375 0.06458333333333334 0.04384375
8 0.34479166666666666 0.20103125 0.08541666666666667 0.03799999999999999
8 0.41953125 0.12075 0.05260416666666667 0.04539843750000001
8 0.48463541666666665 0.11449218750000001 0.06822916666666666 0.03289843750000001
8 0.6104166666666667 0.10121093750000001 0.075 0.03758593750000001
8 0.39375 0.1607890625 0.058333333333333334 0.0434609375
8 0.64140625 0.145359375 0.0796875 0.0399375