10 0.11843537414965986 0.21008169934640522 0.13484693877551018 0.31279411764705883
10 0.3711054421768708 0.19258169934640526 0.21258503401360548 0.1797385620915033
10 0.5764115646258503 0.19841503267973856 0.18100340136054413 0.26611111111111113
10 0.8242176870748299 0.17973856209150327 0.28304421768707494 0.2567647058823529
10 0.21379251700680268 0.4405882352941176 0.34500000000000003 0.1995751633986928
10 0.5569727891156463 0.4365032679738562 0.3462074829931972 0.20075163398692814
10 0.8498469387755102 0.5170424836601307 0.3002891156462586 0.22174836601307196
10 0.19619047619047617 0.6156699346405229 0.36807823129251704 0.1902450980392156
10 0.21562925170068029 0.8233006535947712 0.3243367346938776 0.2787091503267973
10 0.5010884353741496 0.749297385620915 0.2052891156462585 0.33147058823529413
10 0.7112414965986394 0.8275 0.17370748299319724 0.3057843137254902
10 0.9025680272108844 0.821078431372549 0.1481972789115647 0.3069607843137256