8 0.3824166666666667 0.575125 0.36378125 0.25885156249999997
8 0.5357916666666667 0.24987499999999999 0.10284375000000003 0.08099218749999997
8 0.6727500000000001 0.24206249999999999 0.11634375000000005 0.09661718749999999
8 0.43503125 0.261203125 0.10442708333333334 0.08021093749999997
8 0.37905208333333335 0.29948437499999997 0.09142708333333331 0.04740624999999996
8 0.4943958333333333 0.2992890625 0.09816666666666668 0.050921874999999964
8 0.6123437500000001 0.29753124999999997 0.12052083333333338 0.05131249999999996
8 0.7310833333333334 0.3028046875 0.08715625000000007 0.05014062499999996
8 0.6683229166666667 0.4440390625 0.11269791666666672 0.0865234375
8 0.7240520833333334 0.634109375 0.10955208333333341 0.07212499999999995
8 0.64046875 0.5180703125 0.09343750000000005 0.06661718749999998
8 0.7144166666666667 0.551671875 0.09550000000000007 0.07131249999999997