1 0.3416503267973856 0.7898774509803921 0.23173202614379085 0.3721078431372548
1 0.5730065359477124 0.8405637254901961 0.2131535947712417 0.2863235294117648
1 0.6677124183006535 0.49352941176470594 0.2183660130718954 0.3008088235294118
1 0.40441176470588236 0.46345588235294116 0.0779901960784314 0.2762990196078432
1 0.48351307189542486 0.13090686274509802 0.14705882352941177 0.26181372549019605
1 0.2592156862745098 0.47794117647058826 0.17973856209150327 0.22950980392156858
1 0.8693627450980391 0.24566176470588236 0.16117647058823537 0.21948529411764703
1 0.3557679738562091 0.11752450980392158 0.1203267973856209 0.20833333333333334
1 0.20684640522875816 0.14595588235294116 0.09877450980392155 0.22950980392156867
1 0.11326797385620914 0.18382352941176472 0.13145424836601305 0.2027696078431373
1 0.0820751633986928 0.4578921568627451 0.15522875816993464 0.22058823529411764
1 0.10583333333333332 0.8088235294117647 0.19088235294117645 0.37879901960784307
1 0.764624183006536 0.8411274509803922 0.17156862745098048 0.2918872549019609
1 0.635032679738562 0.11362745098039216 0.1292320261437909 0.1604166666666667
1 0.9158496732026143 0.5698529411764706 0.16830065359477125 0.2034313725490196