10 0.14887254901960784 0.24485943775100402 0.1779248366013072 0.3647991967871485
10 0.12754901960784315 0.7195381526104417 0.2296732026143791 0.2655020080321286
10 0.39169934640522874 0.8121285140562249 0.18428104575163404 0.2722088353413656
10 0.34449346405228753 0.4986546184738956 0.23511437908496724 0.2655020080321285
10 0.5523856209150327 0.549417670682731 0.25145424836601304 0.21530120481927717
10 0.6363398692810458 0.806004016064257 0.2705228758169936 0.27331325301204823
10 0.8524019607843136 0.6576305220883534 0.19789215686274503 0.2576907630522089
10 0.8442320261437908 0.3703614457831325 0.26506535947712423 0.24542168674698797
10 0.3553921568627451 0.15506024096385543 0.2568954248366013 0.22534136546184735
10 0.5537418300653595 0.2878112449799197 0.22513071895424833 0.24096385542168675
10 0.7716013071895426 0.15116465863453815 0.28321895424836596 0.2621686746987952