0 0.39375 0.6464296875 0.35 0.2569218749999999
0 0.4083333333333333 0.0676171875 0.12916666666666668 0.09539062499999999
0 0.5385416666666667 0.07757812500000001 0.09791666666666667 0.10360156250000001
0 0.6591145833333333 0.093796875 0.1359375 0.09305468750000001
0 0.8010416666666667 0.09340625 0.12291666666666666 0.10008593750000001
0 0.9348958333333334 0.111375 0.13020833333333334 0.10478125
0 0.8489583333333334 0.1785703125 0.13541666666666666 0.06729687499999999
0 0.7140625 0.17446875 0.12604166666666666 0.06299999999999999
0 0.5721354166666667 0.15923437499999998 0.11822916666666666 0.055960937499999995
0 0.4661458333333333 0.1486796875 0.109375 0.058304687499999994
0 0.35989583333333336 0.141453125 0.10520833333333333 0.0633828125
0 0.778125 0.36512500000000003 0.09791666666666667 0.06930468750000003
0 0.6635416666666667 0.3520390625 0.09791666666666667 0.08610156250000003
0 0.5630208333333333 0.33328125000000003 0.09479166666666666 0.06421875000000003
0 0.47317708333333336 0.32234375000000004 0.1078125 0.057960937500000045
0 0.91015625 0.3715703125 0.1171875 0.07829687500000002
0 0.9416666666666667 0.4483359375 0.1125 0.07167187500000001
0 0.8200520833333333 0.428609375 0.1140625 0.067375
0 0.715625 0.419234375 0.09791666666666667 0.0955
0 0.6052083333333333 0.4016484375 0.10625 0.06814843750000002
0 0.49635416666666665 0.387390625 0.08645833333333333 0.07478125000000002
0 0.4166666666666667 0.3684453125 0.08333333333333333 0.07203906250000003
0 0.25052083333333336 0.32546875000000003 0.115625 0.07984375000000003
0 0.15052083333333333 0.306328125 0.103125 0.08061718750000005
0 0.05 0.30105468750000003 0.1 0.08178906250000004
0 0.10208333333333333 0.3688359375 0.07916666666666666 0.06500781250000003
0 0.17942708333333332 0.3832890625 0.06197916666666667 0.05485937500000002
0 0.27708333333333335 0.3946171875 0.09583333333333334 0.06970312500000002
0 0.37473958333333335 0.4170859375 0.08802083333333334 0.07166406250000001
0 0.4552083333333333 0.435640625 0.07708333333333334 0.05018750000000001
0 0.5458333333333333 0.4487265625 0.09166666666666666 0.06464062500000001
0 0.7453125 0.477640625 0.10520833333333333 0.0599609375
0 0.8520833333333333 0.496 0.1 0.07325
0 0.9596354166666666 0.5131875 0.08072916666666667 0.06075781249999999
0 0.7536458333333333 0.664578125 0.08020833333333334 0.07057031249999994
0 0.6739583333333333 0.7106796875 0.07708333333333334 0.06901562499999994
0 0.8911458333333333 0.6802109375 0.084375 0.07057031249999994
0 0.7919270833333333 0.6157421875 0.07864583333333333 0.058835937499999956
0 0.67265625 0.8208515625 0.10052083333333334 0.08624218749999998
0 0.7552083333333334 0.7370546874999999 0.07291666666666667 0.06316406249999992
0 0.8265625 0.715953125 0.08020833333333334 0.05221874999999994
0 0.82421875 0.777875 0.08072916666666667 0.06278906250000009
0 0.6825520833333333 0.6173046875 0.0890625 0.06196093749999996