8 0.19869791666666667 0.9294687500000001 0.19427083333333334 0.13159375000000004
8 0.37109375 0.9339609375 0.15364583333333334 0.11323437500000004
8 0.5322916666666667 0.9286875 0.16875 0.13003125000000004
8 0.9125 0.920875 0.15833333333333333 0.14565625000000004
8 0.7020833333333333 0.9318359375 0.13333333333333333 0.136328125
8 0.778125 0.8146093750000001 0.13958333333333334 0.1206171874999999
8 0.63671875 0.8245703125 0.1640625 0.11320312500000007
8 0.4591145833333333 0.8263281250000001 0.15260416666666668 0.12843750000000007
8 0.28854166666666664 0.8187109375 0.16041666666666668 0.12492187500000007
8 0.10885416666666667 0.8185156250000001 0.165625 0.12843750000000007
8 0.5520833333333334 0.72084375 0.16666666666666666 0.12059374999999992
8 0.9296875 0.687046875 0.140625 0.10378124999999994
8 0.76796875 0.7026796875 0.15572916666666667 0.11941406249999993
8 0.6799479166666667 0.6475859374999999 0.15677083333333333 0.11080468749999994
8 0.828125 0.629421875 0.13541666666666666 0.09399999999999994
8 0.38333333333333336 0.589765625 0.14166666666666666 0.10453124999999996
8 0.17734375 0.6030546875 0.1828125 0.11547656249999996
8 0.2833333333333333 0.6561874999999999 0.15 0.11236718749999994
8 0.07916666666666666 0.6766953124999999 0.15833333333333333 0.11823437499999993
8 0.41328125 0.6841171875 0.14427083333333332 0.09401562499999994
8 0.5432291666666667 0.621609375 0.13854166666666667 0.09399218749999996
8 0.5833333333333334 0.5346796875 0.14583333333333334 0.11154687499999998
8 0.80859375 0.5426875 0.1328125 0.07678124999999998
8 0.94140625 0.5989453124999999 0.1171875 0.06429687499999996
8 0.26510416666666664 0.432125 0.14479166666666668 0.1134765625
8 0.38046875 0.3864140625 0.13072916666666667 0.09235937500000002
8 0.5125 0.402046875 0.10833333333333334 0.10799218750000002
8 0.47291666666666665 0.517296875 0.1125 0.08067968749999999
8 0.09270833333333334 0.5059609375 0.18541666666666667 0.08146093749999998
8 0.078125 0.411421875 0.13541666666666666 0.09549218750000002
8 0.16041666666666668 0.32937500000000003 0.15416666666666667 0.10328906250000003
8 0.6770833333333334 0.4114140625 0.125 0.06424218750000002
8 0.33697916666666666 0.30789062500000003 0.14270833333333333 0.08374218750000004
8 0.12083333333333333 0.25534375 0.11666666666666667 0.07630468749999997
8 0.13541666666666666 0.18950781249999998 0.10416666666666667 0.05792187499999999
8 0.6557291666666667 0.348515625 0.09270833333333334 0.08688281250000003
8 0.6125 0.241859375 0.1 0.06888281249999997
8 0.7979166666666667 0.30378125 0.11666666666666667 0.06382031249999995
8 0.8057291666666667 0.4389609375 0.10104166666666667 0.06854687500000001
8 0.26119791666666664 0.21764062499999998 0.1109375 0.05167968749999998
8 0.46067708333333335 0.24244531249999998 0.10364583333333334 0.07396093749999996
8 0.3614583333333333 0.2279921875 0.09791666666666667 0.06848437499999997