6 0.687109375 0.5942622950819673 0.12734375 0.1955503512880562
6 0.309375 0.5339578454332553 0.1 0.17330210772833723
6 0.18828125 0.5960187353629977 0.1203125 0.17096018735362997
6 0.119140625 0.7224824355971897 0.23828125 0.2459016393442623
6 0.317578125 0.7154566744730679 0.14765625 0.1756440281030445
6 0.530859375 0.531615925058548 0.14296875 0.2107728337236534
6 0.378515625 0.9028103044496487 0.14453125 0.18501170960187355
6 0.141015625 0.9437939110070258 0.24453125 0.11241217798594848
6 0.549609375 0.8495316159250585 0.19609375 0.17681498829039813
6 0.756640625 0.813231850117096 0.12578125 0.19789227166276346
6 0.923046875 0.8747072599531616 0.15234375 0.21779859484777517
6 0.89140625 0.6697892271662763 0.1453125 0.22482435597189696
6 0.887890625 0.4297423887587822 0.14765625 0.1990632318501171
6 0.658984375 0.4162763466042155 0.19296875 0.14402810304449648
6 0.46953125 0.35011709601873536 0.1546875 0.18032786885245902
6 0.413671875 0.5286885245901639 0.07734375 0.20491803278688525
6 0.63671875 0.7447306791569087 0.1234375 0.17798594847775176
6 0.505078125 0.680327868852459 0.16015625 0.20843091334894615
6 0.73984375 0.9449648711943794 0.2515625 0.11007025761124122