4 0.1296078431372549 0.3247549019607843 0.14037581699346405 0.25289215686274513
4 0.18308823529411763 0.18159313725490198 0.10174836601307191 0.1671078431372549
4 0.3854738562091503 0.36987745098039215 0.16488562091503273 0.16933823529411762
4 0.37655228758169934 0.5442401960784314 0.14111111111111113 0.19718137254901966
4 0.23098039215686278 0.6550735294117647 0.13517973856209153 0.20943627450980395
4 0.07426470588235294 0.6784803921568627 0.13962418300653598 0.2027696078431373
4 0.08905228758169935 0.5073529411764706 0.1781045751633987 0.18137254901960784
4 0.05941176470588235 0.24286764705882355 0.10694444444444447 0.19161764705882356
4 0.16526143790849673 0.059044117647058816 0.10174836601307191 0.10919117647058822
4 0.3331045751633987 0.0646078431372549 0.149281045751634 0.12477941176470587
4 0.26181372549019605 0.29188725490196077 0.08986928104575163 0.14259803921568628
4 0.23173202614379085 0.4211274509803921 0.1218137254901961 0.2005392156862745
4 0.2725816993464052 0.8344362745098038 0.14705882352941177 0.20723039215686265
4 0.12106209150326798 0.858406862745098 0.1530065359477124 0.19274509803921566
4 0.125 0.8762254901960784 0.25 0.24754901960784315
4 0.6134803921568627 0.3253186274509804 0.22875816993464052 0.28519607843137257
4 0.5875 0.582671568627451 0.22132352941176459 0.21612745098039218
4 0.4939052287581699 0.8110539215686275 0.24212418300653601 0.32531862745098045
4 0.8136437908496732 0.7191421568627452 0.1091830065359478 0.18605392156862738
4 0.7041013071895426 0.8361274509803921 0.1336928104575164 0.18828431372549004
4 0.8273856209150326 0.4912990196078431 0.2852124183006535 0.27852941176470586
4 0.9306372549019607 0.8433578431372548 0.13517973856209153 0.2829656862745099