12 0.5185833333333333 0.6030546875 0.45383333333333326 0.20924218749999995
12 0.7029375000000001 0.4372109375 0.3850416666666667 0.162703125
12 0.8697916666666666 0.5845 0.2604166666666667 0.19946874999999994
12 0.3597604166666667 0.485265625 0.37577083333333333 0.1416171875
12 0.6545104166666668 0.19889062500000002 0.3402708333333334 0.13918750000000002
12 0.6466979166666668 0.317265625 0.3558958333333334 0.08687500000000004
12 0.7091770833333333 0.7788671875000001 0.43919791666666674 0.21710937500000008
12 0.28242708333333333 0.7468281250000001 0.41380208333333335 0.1842812500000001
12 0.19598958333333333 0.596609375 0.26177083333333334 0.12211718749999996
12 0.3056145833333333 0.35828906250000003 0.18414583333333331 0.11423437500000003
12 0.35430208333333335 0.23893749999999997 0.2450625 0.13724999999999998
12 0.35690625 0.0959453125 0.21902083333333333 0.116890625
12 0.6696145833333333 0.105515625 0.27672916666666675 0.08525
12 0.5003645833333333 0.903296875 0.36531250000000004 0.18081250000000004
12 0.17046875 0.835515625 0.3253125 0.21321875000000007
12 0.8406354166666666 0.910328125 0.3187291666666667 0.17925000000000005