8 0.47552083333333334 0.5751328124999999 0.33645833333333336 0.29010156249999997
8 0.7723958333333333 0.17154687500000002 0.11770833333333333 0.13136718750000004
8 0.5471354166666667 0.172125 0.13072916666666667 0.10519531249999999
8 0.40390625 0.1830625 0.14635416666666667 0.0801875
8 0.65625 0.137546875 0.10416666666666667 0.0868203125
8 0.43515625 0.11469531250000001 0.12552083333333333 0.076265625
8 0.85 0.117234375 0.11666666666666667 0.0930625
8 0.5692708333333333 0.088515625 0.10729166666666666 0.07860156249999999
8 0.6611979166666667 0.03753125 0.11927083333333334 0.0586640625
8 0.36432291666666666 0.0609765625 0.08802083333333334 0.0586640625
8 0.46328125 0.0463203125 0.0984375 0.0567109375
8 0.6518229166666667 0.4661171875 0.1421875 0.09551562499999999
8 0.41354166666666664 0.4166953125 0.09791666666666667 0.06307031250000002
8 0.32421875 0.4506796875 0.1015625 0.06073437500000001
8 0.30390625 0.5126015625 0.0921875 0.055679687499999984
8 0.6244791666666667 0.8405859375 0.134375 0.09054687500000007
8 0.6166666666666667 0.9107109375 0.12916666666666668 0.06282812500000005
8 0.6255208333333333 0.9646250000000001 0.13645833333333332 0.061281250000000044