11 0.18679738562091502 0.3804656862745098 0.11808823529411762 0.23507352941176474
11 0.2959803921568627 0.6684558823529412 0.10472222222222227 0.21389705882352936
11 0.41331699346405226 0.3008088235294118 0.11066993464052291 0.15598039215686277
11 0.33645424836601306 0.448406862745098 0.13517973856209153 0.16600490196078435
11 0.4463725490196079 0.4857352941176471 0.1054738562091503 0.19607843137254902
11 0.4452614379084967 0.182156862745098 0.11215686274509802 0.1370343137254902
11 0.5347549019607842 0.2540196078431372 0.0950653594771241 0.14705882352941174
11 0.6253758169934641 0.32252450980392156 0.11586601307189537 0.12811274509803922
11 0.5882352941176471 0.18438725490196078 0.15151960784313728 0.16377450980392155
11 0.5373529411764706 0.39938725490196075 0.08540849673202612 0.19274509803921566
11 0.6027124183006536 0.5175 0.15968954248366016 0.1437254901960784
11 0.709297385620915 0.7514460784313725 0.09209150326797388 0.1437254901960784
11 0.839640522875817 0.78375 0.11066993464052291 0.16377450980392141
11 0.8697222222222222 0.5570343137254902 0.158937908496732 0.2005392156862745