7 0.2506699346405229 0.32142156862745097 0.09730392156862747 0.20610294117647063
7 0.3591013071895425 0.3152941176470588 0.10620915032679738 0.23394607843137252
7 0.4545424836601307 0.25901960784313727 0.11883986928104578 0.17936274509803923
7 0.5915849673202614 0.25512254901960785 0.12849673202614376 0.24732843137254903
7 0.6940686274509804 0.21669117647058822 0.11364379084967313 0.17936274509803923
7 0.7973039215686274 0.2969117647058824 0.07947712418300651 0.22392156862745094
7 0.28965686274509805 0.5002205882352941 0.13962418300653592 0.18049019607843134
7 0.4166666666666667 0.489093137254902 0.10843137254901963 0.19384803921568636
7 0.5436764705882353 0.35649509803921564 0.0029738562091504083 0.004460784313725473
7 0.540326797385621 0.46345588235294116 0.10323529411764698 0.23617647058823532
7 0.5978921568627451 0.676813725490196 0.12328431372549027 0.20387254901960794
7 0.8095588235294118 0.5046813725490196 0.14557189542483664 0.20723039215686279
7 0.7237745098039216 0.6617647058823529 0.140375816993464 0.20943627450980395
7 0.680702614379085 0.45399509803921567 0.11066993464052291 0.24843137254901965
7 0.476454248366013 0.6556372549019608 0.11066993464052291 0.20610294117647066
7 0.35687908496732024 0.6857107843137255 0.12254901960784313 0.20833333333333334
7 0.233578431372549 0.6456127450980392 0.1433496732026144 0.18605392156862738