12 0.5427083333333333 0.6511328125 0.5229166666666667 0.4381953124999999
12 0.9361979166666666 0.3868125 0.12760416666666666 0.19471875
12 0.8338541666666667 0.29226562500000003 0.26145833333333335 0.16187500000000005
12 0.9348958333333334 0.16998437500000002 0.13020833333333334 0.19075000000000003
12 0.88671875 0.0504296875 0.2265625 0.09226562499999999
12 0.7127604166666667 0.1516171875 0.33697916666666666 0.16183593749999997
12 0.5770833333333333 0.29500000000000004 0.2375 0.12828125000000004
12 0.5114583333333333 0.12778125 0.10625 0.1063515625
12 0.31145833333333334 0.32429687500000004 0.26875 0.06968750000000004
12 0.3765625 0.19732812500000002 0.2635416666666667 0.1829453125
12 0.41328125 0.07778125 0.1859375 0.14696875