4 0.5341979166666667 0.4090625 0.12268749999999998 0.15335937499999996
4 0.39389583333333333 0.2656953125 0.12421875 0.13374999999999998
4 0.5162708333333333 0.2598359375 0.1127291666666667 0.17671874999999998
4 0.6365729166666667 0.32509375 0.1178958333333334 0.10873437500000005
4 0.7084270833333334 0.6231640625 0.1158020833333334 0.10338281249999995
4 0.7086875 0.508296875 0.1569375000000001 0.12680468749999996
4 0.6685833333333334 0.4164921875 0.12050000000000007 0.0822265625
4 0.5810937500000001 0.5176875 0.14136458333333338 0.12053124999999998
4 0.5428229166666667 0.64603125 0.14293750000000002 0.15456249999999994
4 0.43944791666666666 0.5421015625 0.1705625 0.11858593749999997
4 0.41211458333333334 0.4127890625 0.14192708333333334 0.133390625
4 0.27384375 0.4352578125 0.17269791666666662 0.1509765625
4 0.23010416666666667 0.29714843750000003 0.16854166666666667 0.15210937500000005
4 0.28140624999999997 0.1951796875 0.1409270833333333 0.09660156250000003
4 0.13507291666666665 0.23190624999999998 0.15034374999999997 0.15443749999999998
4 0.13116666666666668 0.3860234375 0.13732291666666668 0.11502343750000002
4 0.19078125 0.5178828125 0.20969791666666668 0.13264062499999998
4 0.16501041666666666 0.6372421875 0.1529375 0.15650781249999995
4 0.19157291666666668 0.77846875 0.15396875000000002 0.14600000000000007
4 0.43293750000000003 0.7360859375000001 0.14192708333333334 0.15888281249999991
4 0.65296875 0.656578125 0.07677083333333339 0.13659374999999993
4 0.30353125 0.634109375 0.11748958333333333 0.11899999999999995
4 0.33009374999999996 0.7579609375 0.11852083333333331 0.12450781249999991
4 0.6081770833333333 0.9210703125 0.1538541666666667 0.14214062500000005
4 0.38971875 0.9396484375 0.17006249999999998 0.120703125
4 0.72196875 0.9169609375000001 0.10538541666666675 0.10658593749999987
4 0.50715625 0.8546484375000001 0.09763541666666668 0.10305468749999988