0 0.5604166666666667 0.31082031250000003 0.20416666666666666 0.15602343750000003
0 0.553125 0.4516640625 0.18958333333333333 0.136921875
0 0.8442708333333333 0.4520546875 0.19895833333333332 0.12989062499999998
0 0.5729166666666666 0.5891875 0.1875 0.14633593749999996
0 0.721875 0.538 0.17291666666666666 0.12991406249999998
0 0.746875 0.672203125 0.18125 0.13659374999999993
0 0.5958333333333333 0.7292421874999999 0.19166666666666668 0.14129687499999993
0 0.42473958333333334 0.7802265625 0.20885416666666667 0.1299843750000001
0 0.4010416666666667 0.5454296875 0.19791666666666666 0.15257812499999995
0 0.8067708333333333 0.3209765625 0.20729166666666668 0.11382812500000003
0 0.18515625 0.7321718749999999 0.18802083333333333 0.15107031250000008
0 0.246875 0.620828125 0.18125 0.13931249999999995
0 0.26666666666666666 0.4372109375 0.2 0.1470703125
0 0.26875 0.31453125000000004 0.1625 0.12046875000000004
0 0.4140625 0.3610234375 0.15104166666666666 0.12751562500000002
0 0.07291666666666667 0.428609375 0.14583333333333334 0.1298828125
0 0.171875 0.531359375 0.15625 0.12444531249999997
0 0.07708333333333334 0.6442734375 0.15416666666666667 0.13932031249999993
0 0.10963541666666667 0.3295703125 0.13072916666666667 0.11539843750000003
0 0.22890625 0.21471093749999998 0.15052083333333333 0.10442187499999997
0 0.7677083333333333 0.2354140625 0.18125 0.10677343749999997
0 0.9479166666666666 0.242453125 0.10416666666666667 0.10521093749999996
0 0.05625 0.23424999999999999 0.1125 0.12786718749999998