11 0.13276143790849673 0.6926229508196722 0.16094771241830066 0.1955503512880562
11 0.25857843137254904 0.6873536299765808 0.14133986928104575 0.17096018735362997
11 0.4068627450980392 0.8588992974238876 0.1503267973856209 0.20960187353629978
11 0.3647875816993464 0.5573770491803278 0.10212418300653595 0.1358313817330211
11 0.41421568627450983 0.680327868852459 0.13562091503267973 0.16159250585480095
11 0.5273692810457516 0.8120608899297423 0.09068627450980392 0.20023419203747073
11 0.6768790849673203 0.8881733021077284 0.190359477124183 0.202576112412178
11 0.8819444444444444 0.7681498829039812 0.1919934640522876 0.22950819672131148
11 0.7050653594771242 0.7137002341920374 0.14869281045751634 0.18618266978922718
11 0.5535130718954249 0.6434426229508197 0.16911764705882354 0.13934426229508196
11 0.46854575163398693 0.5076112412177985 0.07434640522875817 0.18149882903981265
11 0.5400326797385621 0.42330210772833726 0.22058823529411764 0.15339578454332553
11 0.608251633986928 0.18559718969555036 0.12826797385620914 0.14168618266978922
11 0.622140522875817 0.3436768149882904 0.15931372549019607 0.15807962529274006
11 0.6854575163398693 0.5556206088992974 0.12581699346405228 0.22131147540983606
11 0.7352941176470589 0.3237704918032787 0.10130718954248366 0.23536299765807964
11 0.11070261437908496 0.8378220140515222 0.22140522875816993 0.27049180327868855