0 0.4014166666666667 0.6433046874999999 0.35492708333333334 0.29754687499999993
0 0.82559375 0.33308593750000004 0.11472916666666677 0.06773437500000004
0 0.8654375000000001 0.40634375 0.1058645833333332 0.09314843750000001
0 0.7066041666666667 0.32058593750000003 0.11112500000000007 0.08960937500000003
0 0.9557291666666666 0.34089843750000004 0.08854166666666667 0.08336718750000002
0 0.9596354166666666 0.42665625 0.08072916666666667 0.08690625
0 0.7539895833333333 0.3918828125 0.11214583333333342 0.07204687500000002
0 0.6435937500000001 0.3770390625 0.12051041666666672 0.07360937500000002
0 0.60609375 0.310234375 0.10802083333333339 0.07280468750000005
0 0.5386562500000001 0.348125 0.09294791666666669 0.04703125000000004
0 0.9055312499999999 0.471 0.11314583333333322 0.0701171875
0 0.5076770833333334 0.28991406249999996 0.08827083333333334 0.06342187499999996
0 0.4516875 0.33816406250000003 0.09609375 0.07007812500000003
0 0.7904479166666667 0.7153671875 0.08089583333333342 0.06276562499999994
0 0.7076458333333334 0.6997421875 0.09237500000000007 0.09401562499999994
0 0.9284479166666666 0.659109375 0.09647916666666655 0.07525781249999994
0 0.70478125 0.7997578125 0.1022708333333334 0.07529687500000008
0 0.7946145833333333 0.645046875 0.0892187500000001 0.06274999999999994
0 0.7198854166666667 0.5942578125 0.0803958333333334 0.07054687499999997
0 0.8292395833333334 0.59875 0.09077083333333344 0.06781249999999997
0 0.28765625 0.29577343749999996 0.11176041666666665 0.08296093749999996
0 0.18636458333333333 0.28307812499999996 0.10189583333333332 0.07709374999999996
0 0.08507291666666666 0.26842968749999996 0.11286458333333332 0.07514062499999996
0 0.04914583333333334 0.33699218750000004 0.07226041666666667 0.059921875000000034
0 0.1316875 0.33484375 0.08629166666666667 0.051718750000000036
0 0.21813541666666666 0.3549609375 0.07168749999999999 0.06461718750000003
0 0.3071875 0.3754765625 0.09353125 0.07048437500000002
0 0.4045625 0.3903203125 0.06955208333333332 0.06892187500000002
0 0.4886666666666667 0.4075078125 0.07629166666666667 0.05642968750000001
0 0.5826666666666667 0.4229453125 0.09240625000000004 0.059945312500000014
0 0.6865520833333334 0.43446875 0.09706250000000007 0.040023437500000016
0 0.8013854166666667 0.456734375 0.0923437500000001 0.0611328125
0 0.6974895833333333 0.0508203125 0.13767708333333342 0.100859375
0 0.8589166666666667 0.055898437499999995 0.16055208333333346 0.10320312499999999
0 0.5876145833333334 0.041640625 0.1075104166666667 0.07858593750000001
0 0.4522083333333333 0.044375 0.12838541666666667 0.0887421875
0 0.26135416666666667 0.0707421875 0.14770833333333336 0.086015625
0 0.11996875 0.0719140625 0.1305625 0.08054687499999999
0 0.38971875 0.0887109375 0.10757291666666664 0.07508593749999999
0 0.5050729166666666 0.11059375 0.11430208333333335 0.07196875
0 0.6300520833333334 0.127390625 0.11427083333333338 0.0665
0 0.7724791666666667 0.1457578125 0.13348958333333344 0.0797890625
0 0.9154270833333332 0.1498515625 0.14334375000000013 0.0684609375