8 0.44583333333333336 0.5618359374999999 0.26666666666666666 0.18539843749999996
8 0.7854166666666667 0.645828125 0.15416666666666667 0.11119531249999995
8 0.9322916666666666 0.7894062500000001 0.13541666666666666 0.10537500000000008
8 0.7622395833333333 0.820078125 0.1546875 0.1159296874999999
8 0.85 0.5661328125 0.12708333333333333 0.09242187499999996
8 0.5989583333333334 0.9591796875 0.14583333333333334 0.081640625
8 0.5135416666666667 0.38075000000000003 0.1 0.06931250000000003
8 0.6908854166666667 0.485453125 0.11614583333333334 0.09122656249999998
8 0.8330729166666667 0.39735156250000003 0.0984375 0.051742187500000016
8 0.05286458333333333 0.7976171875 0.10052083333333334 0.1139765624999999
8 0.18072916666666666 0.4473671875 0.11145833333333334 0.0736328125
8 0.33541666666666664 0.311015625 0.09791666666666667 0.07437500000000004
8 0.21458333333333332 0.23717968749999999 0.08541666666666667 0.09075781249999999
8 0.9635416666666666 0.5739453125 0.07291666666666667 0.09242187499999996
8 0.7864583333333334 0.3489140625 0.08333333333333333 0.06422656250000003
8 0.903125 0.5051875 0.10833333333333334 0.07989843749999999
8 0.28177083333333336 0.413375 0.12604166666666666 0.06033593750000001
8 0.43723958333333335 0.29207031250000004 0.0984375 0.07163281250000005
8 0.41953125 0.3508671875 0.08385416666666666 0.09157812500000002