12 0.44281045751633985 0.4470046082949309 0.24183006535947713 0.3387096774193548
12 0.22834967320261437 0.8502304147465438 0.2540849673202614 0.2672811059907834
12 0.14215686274509803 0.5316820276497696 0.23529411764705882 0.25
12 0.19975490196078433 0.22407834101382487 0.255718954248366 0.31451612903225806
12 0.4910130718954248 0.8300691244239631 0.28921568627450983 0.3099078341013825
12 0.7075163398692811 0.6532258064516129 0.25163398692810457 0.33410138248847926
12 0.7038398692810458 0.3369815668202765 0.26062091503267976 0.25921658986175117
12 0.7218137254901961 0.09850230414746544 0.27369281045751637 0.19700460829493088
12 0.45179738562091504 0.1347926267281106 0.2696078431372549 0.2695852534562212
12 0.7291666666666666 0.8940092165898618 0.22630718954248366 0.18433179723502305
12 0.9093137254901961 0.788594470046083 0.18137254901960784 0.35599078341013823
12 0.9125816993464052 0.3721198156682028 0.17483660130718953 0.29723502304147464
12 0.9199346405228758 0.11002304147465437 0.16013071895424835 0.20622119815668202
12 0.04738562091503268 0.2206221198156682 0.0915032679738562 0.4412442396313364
12 0.05065359477124183 0.761520737327189 0.10130718954248366 0.4078341013824885