12 0.6956458333333334 0.439359375 0.3912916666666667 0.15528124999999998
12 0.4985416666666667 0.600515625 0.4189479166666667 0.17681249999999996
12 0.8541666666666666 0.590234375 0.2916666666666667 0.19609375
12 0.6925208333333334 0.773203125 0.44753124999999994 0.2096796874999999
12 0.8463541666666666 0.9064453125 0.3072916666666667 0.187109375
12 0.27096875 0.7427265625 0.41172916666666665 0.1643515624999999
12 0.48630208333333336 0.89375 0.3476041666666667 0.2125
12 0.35038541666666667 0.48878125 0.35702083333333334 0.15646875
12 0.6412291666666667 0.214515625 0.3293333333333334 0.13919531249999997
12 0.6217083333333334 0.322734375 0.3267395833333334 0.09781250000000004
12 0.29754166666666665 0.36610156250000003 0.18362499999999998 0.09860937500000003
12 0.34779166666666667 0.23814843749999998 0.25808333333333333 0.11068749999999998
12 0.3511770833333333 0.11176562500000001 0.21797916666666667 0.113375
12 0.6560729166666667 0.121140625 0.2704895833333334 0.08525