2 0.14739583333333334 0.104296875 0.2947916666666667 0.20859375
2 0.5665104166666667 0.095953125 0.27884375000000006 0.1918984375
2 0.3826875 0.16900781250000002 0.19245833333333331 0.2395859375
2 0.1509375 0.282890625 0.2810520833333333 0.20563281250000004
2 0.5498437500000001 0.29128906250000003 0.20386458333333338 0.17946093750000003
2 0.24442708333333335 0.4278359375 0.20238541666666668 0.206453125
2 0.12595833333333334 0.6052109375 0.16857291666666668 0.2643281249999999
2 0.33529166666666665 0.6497499999999999 0.23308333333333334 0.2909062499999999
2 0.6295208333333334 0.548171875 0.22779166666666673 0.25962499999999994
2 0.8352187499999999 0.7898125 0.29542708333333345 0.34838281249999997
2 0.5230208333333334 0.8537109375 0.2700104166666667 0.292578125
2 0.14860416666666668 0.8364921875 0.26073958333333336 0.25814843749999994
2 0.8880208333333334 0.4329140625 0.22395833333333334 0.193171875
2 0.7857500000000001 0.22390625000000003 0.2277500000000001 0.25171093750000006
2 0.94921875 0.1938203125 0.1015625 0.21497656250000002