11 0.7119791666666667 0.7708515625000001 0.14270833333333333 0.11122656249999992
11 0.5716145833333334 0.7794453125 0.16927083333333334 0.12842187500000007
11 0.4203125 0.7763203125 0.16354166666666667 0.10654687500000008
11 0.303125 0.76771875 0.12708333333333333 0.08935156250000009
11 0.7174479166666666 0.6747421874999999 0.10677083333333333 0.10651562499999993
11 0.5763020833333333 0.6743515625 0.16822916666666668 0.09792187499999994
11 0.44895833333333335 0.6802109375 0.14791666666666667 0.10182812499999994
11 0.31614583333333335 0.683921875 0.14270833333333333 0.09753124999999993
11 0.7049479166666667 0.5743359375 0.10260416666666666 0.10101562499999997
11 0.5802083333333333 0.5784374999999999 0.13958333333333334 0.10531249999999996
11 0.45234375 0.591328125 0.12864583333333332 0.10766406249999996
11 0.3302083333333333 0.5887890625 0.11875 0.09085937499999996
11 0.6666666666666666 0.4840859375 0.16666666666666666 0.10020312499999999
11 0.5013020833333334 0.4918984375 0.1640625 0.10021093749999999
11 0.36276041666666664 0.5004921875 0.11614583333333334 0.08614843749999998