8 0.8566666666666667 0.5962745098039216 0.2658673469387755 0.2775163398692811
8 0.851139455782313 0.3487254901960784 0.2283503401360544 0.22903594771241834
8 0.16952380952380955 0.1288562091503268 0.23700680272108846 0.2395588235294118
8 0.8201870748299319 0.11859477124183006 0.3289795918367348 0.16818627450980395
8 0.38496598639455787 0.1498202614379085 0.18413265306122445 0.1870588235294118
8 0.5176020408163265 0.11379084967320262 0.23397959183673475 0.15859477124183008
8 0.44316326530612243 0.3689869281045752 0.18338435374149661 0.11707516339869277
8 0.12100340136054423 0.4151960784313725 0.13241496598639457 0.08964052287581697
8 0.2341496598639456 0.3959150326797386 0.1092687074829932 0.10919934640522878
8 0.6068877551020408 0.3449183006535948 0.15180272108843537 0.156062091503268
8 0.1832312925170068 0.6272058823529412 0.29086734693877553 0.18687908496732028
8 0.1685034013605442 0.8721568627450981 0.30301020408163265 0.21199346405228758
8 0.8989795918367347 0.8796895424836602 0.15397959183673463 0.13991830065359467
8 0.4114455782312925 0.8936928104575165 0.1615136054421769 0.1207189542483661
8 0.5843707482993198 0.908202614379085 0.1747959183673469 0.12431372549019595
8 0.747108843537415 0.8188071895424837 0.1525850340136055 0.18155228758169928
8 0.5844387755102041 0.601454248366013 0.22027210884353737 0.18619281045751643
8 0.43807823129251694 0.6116013071895425 0.20343537414965987 0.21377450980392163