12 0.50703125 0.6243671875000001 0.47760416666666666 0.4510781250000001
12 0.890625 0.4309609375 0.21875 0.181453125
12 0.87890625 0.22936718749999999 0.20052083333333334 0.153265625
12 0.7489583333333333 0.35496875 0.22708333333333333 0.14275000000000002
12 0.7565104166666666 0.1184140625 0.15364583333333334 0.1344765625
12 0.6364583333333333 0.23249218749999997 0.29375 0.143890625
12 0.4947916666666667 0.35046875 0.19791666666666666 0.08297656250000003
12 0.59296875 0.1143046875 0.18072916666666666 0.1145546875
12 0.44557291666666665 0.2162734375 0.08385416666666666 0.10754687499999997
12 0.24973958333333332 0.2656953125 0.10885416666666667 0.10873437499999997
12 0.3419270833333333 0.17057031250000002 0.11614583333333334 0.13332031250000004