10 0.0698202614379085 0.15151960784313723 0.13962418300653595 0.24955882352941175
10 0.28297385620915033 0.1158578431372549 0.158937908496732 0.2272794117647059
10 0.559640522875817 0.14872549019607842 0.251781045751634 0.28855392156862747
10 0.7802287581699346 0.21948529411764703 0.19978758169934638 0.2740686274509803
10 0.9150326797385621 0.09580882352941178 0.14854575163398706 0.18272058823529413
10 0.3316176470588235 0.45399509803921567 0.223562091503268 0.3019117647058824
10 0.08207516339869281 0.5052450980392157 0.14928104575163398 0.2840931372549019
10 0.5061601307189543 0.5297549019607842 0.1151143790849674 0.2930147058823529
10 0.7267483660130719 0.5381127450980392 0.22356209150326786 0.28296568627450985
10 0.9270588235294118 0.4773774509803922 0.1458660130718954 0.19274509803921566
10 0.09135620915032679 0.8550490196078432 0.18271241830065357 0.26627450980392153
10 0.31527777777777777 0.8311029411764705 0.17008169934640527 0.22281862745098033
10 0.5310457516339869 0.8754411764705883 0.215392156862745 0.2491176470588235
10 0.7538562091503268 0.8589460784313725 0.1619117647058824 0.25178921568627455
10 0.9051470588235295 0.7949019607843137 0.17334967320261435 0.2863235294117648