11 0.4019583333333333 0.7341249999999999 0.11641666666666665 0.10028124999999992
11 0.5175625 0.7013046875 0.11846875000000003 0.06589062499999994
11 0.6219791666666666 0.663015625 0.11375000000000005 0.05181249999999995
11 0.7058125000000001 0.5842968749999999 0.16684375000000007 0.12485156249999996
11 0.6123437500000001 0.51534375 0.14135416666666673 0.08458593749999999
11 0.5571458333333333 0.44384375 0.1142916666666667 0.05878125000000001
11 0.4592395833333333 0.48740625 0.08515625 0.07168749999999999
11 0.3699375 0.5210078125 0.08882291666666665 0.07638281249999998
11 0.2803645833333333 0.5458125 0.09718749999999998 0.06740624999999997
11 0.3149895833333333 0.6110546875 0.09873958333333333 0.08071093749999995
11 0.35613541666666665 0.6638046875 0.1289270833333333 0.10025781249999995
11 0.40951041666666665 0.57296875 0.08464583333333332 0.07874218749999998