2 0.3424479166666667 0.5847109374999999 0.2526041666666667 0.43035937499999993
2 0.6369791666666667 0.531765625 0.2635416666666667 0.33619531249999995
2 0.5447916666666667 0.28640625000000003 0.19375 0.17359375000000002
2 0.12213541666666666 0.1065 0.2390625 0.20831249999999998
2 0.5645833333333333 0.100640625 0.29583333333333334 0.20128125
2 0.3763020833333333 0.176046875 0.18489583333333334 0.25365625
2 0.15234375 0.27234375 0.2994791666666667 0.17671875
2 0.12708333333333333 0.6210312499999999 0.2125 0.2764453125000001
2 0.1546875 0.8702890625 0.23645833333333333 0.259328125
2 0.5497395833333333 0.8390625 0.2921875 0.321875
2 0.8450520833333334 0.8244140625 0.2890625 0.351171875
2 0.28046875 0.4293984375 0.22239583333333332 0.193953125