12 0.7857395833333333 0.8233984375000001 0.3943854166666668 0.18117968749999996
12 0.44464583333333335 0.8425390625 0.3684479166666667 0.14914843749999998
12 0.28165625 0.9416015625 0.26121875 0.116796875
12 0.62690625 0.9552734375 0.35797916666666674 0.089453125
12 0.91015625 0.9630859375 0.1796875 0.073828125
12 0.7466875000000001 0.5551953125 0.3475312499999999 0.13304687499999995
12 0.7219479166666667 0.6688828124999999 0.33452083333333343 0.14948437499999995
12 0.39675 0.6868515625 0.18932291666666667 0.12292968749999993
12 0.2509375 0.7813984375 0.08521875 0.09326562500000009
12 0.20303125 0.8747734375 0.15605208333333334 0.10032031249999988
12 0.4514270833333333 0.5524609375 0.22576041666666669 0.11975781249999998
12 0.7768958333333333 0.446578125 0.2829479166666665 0.1033203125
12 0.47589583333333335 0.40321875 0.20180208333333335 0.08689843750000001
12 0.8807916666666666 0.31003125 0.20428125000000014 0.06069531249999995
12 0.6894166666666667 0.3793828125 0.19132291666666673 0.06267187500000002
12 0.46652083333333333 0.4856484375 0.24554166666666669 0.07207812499999999
12 0.6717083333333334 0.29284374999999996 0.17675000000000007 0.05756249999999996
12 0.5102708333333333 0.314921875 0.14555208333333336 0.06655468750000004
12 0.7289895833333334 0.22838281249999998 0.16631250000000009 0.045828124999999977
12 0.5852708333333333 0.253578125 0.10803125000000004 0.04544531249999997
12 0.28921874999999997 0.622 0.12530208333333331 0.07133593749999996
12 0.30588541666666663 0.5397578125 0.09613541666666665 0.08264062499999998