8 0.1685947712418301 0.46791666666666665 0.17083333333333336 0.24509803921568626
8 0.4096078431372549 0.41276960784313727 0.15374183006535952 0.26850490196078436
8 0.26181372549019605 0.633357843137255 0.16117647058823528 0.20164215686274506
8 0.4515686274509804 0.6322303921568627 0.1990522875816993 0.21279411764705888
8 0.7000163398692811 0.46958333333333335 0.16413398692810466 0.27517156862745096
8 0.4170424836601307 0.19607843137254902 0.1804738562091503 0.22281862745098038
8 0.25846405228758174 0.3303186274509804 0.1604248366013072 0.2863235294117647
8 0.6023529411764705 0.6094117647058823 0.13517973856209153 0.22950980392156858
8 0.783578431372549 0.713578431372549 0.17379084967320263 0.2551225490196079
8 0.6472875816993464 0.21612745098039218 0.2072222222222221 0.28965686274509805
8 0.8218137254901962 0.29914215686274503 0.18790849673202623 0.3175245098039216