11 0.6836875 0.7335390625 0.14862500000000006 0.12645312499999992
11 0.5391770833333334 0.72553125 0.14606250000000004 0.11434374999999992
11 0.39648958333333334 0.7261171875 0.15235416666666665 0.10379687499999993
11 0.261875 0.71928125 0.11750000000000001 0.08621093749999993
11 0.6941041666666667 0.6393828125 0.12779166666666672 0.11783593749999995
11 0.5542812500000001 0.6387968749999999 0.1450104166666667 0.11275781249999994
11 0.4261770833333333 0.639578125 0.13880208333333333 0.11432031249999994
11 0.2985833333333333 0.625515625 0.1440520833333333 0.10181249999999994
11 0.70165625 0.542296875 0.11685416666666673 0.09944531249999997
11 0.5719895833333334 0.543859375 0.1387604166666667 0.10257031249999997
11 0.44309375 0.55128125 0.12578125 0.09397656249999997
11 0.32384375 0.543078125 0.12685416666666663 0.08537499999999998
11 0.35561458333333335 0.4559609375 0.13830208333333333 0.0908203125
11 0.5123541666666667 0.45634375 0.14971875 0.0681640625
11 0.6805625000000001 0.45615625 0.18403125000000006 0.0873046875