7 0.4122395833333333 0.5313749999999999 0.30885416666666665 0.28071874999999996
7 0.5885416666666666 0.88984375 0.3645833333333333 0.2203125
7 0.8645833333333334 0.8112890625 0.2708333333333333 0.21164843749999998
7 0.6854166666666667 0.285625 0.1625 0.20328906250000003
7 0.37864583333333335 0.28640625000000003 0.246875 0.15796875000000005
7 0.28125 0.9328125 0.2916666666666667 0.134375
7 0.7518229166666667 0.46378125 0.2171875 0.2002109375
7 0.8114583333333333 0.6309921875 0.24791666666666667 0.15963281249999994
7 0.846875 0.31765625000000003 0.17291666666666666 0.14235156250000003
7 0.55078125 0.2885546875 0.12760416666666666 0.13492187500000002
7 0.4427083333333333 0.1850234375 0.21875 0.10753906250000003