3 0.09395424836601307 0.7096813725490196 0.09284313725490195 0.14928921568627443
3 0.30637254901960786 0.5152696078431372 0.09284313725490195 0.1526225490196078
3 0.3516830065359477 0.8472549019607843 0.1745424836601307 0.1793627450980391
3 0.568186274509804 0.8550490196078432 0.15596405228758178 0.15931372549019607
3 0.642826797385621 0.12311274509803921 0.1715686274509804 0.12144607843137255
3 0.47683006535947714 0.41946078431372547 0.14854575163398687 0.19274509803921566
3 0.4552941176470588 0.6222058823529412 0.2035130718954248 0.18828431372549012
3 0.7148692810457516 0.5787745098039215 0.24138888888888893 0.36875
3 0.09655228758169936 0.3175245098039216 0.08616013071895423 0.1314705882352941
3 0.23173202614379085 0.32029411764705884 0.09209150326797388 0.1414950980392157
3 0.16821895424836603 0.12924019607843135 0.09581699346405231 0.19607843137254902
3 0.11697712418300654 0.4963235294117647 0.13591503267973856 0.17713235294117644
3 0.4129575163398692 0.11085784313725491 0.11883986928104573 0.13703431372549021