8 0.41652083333333334 0.5817734375 0.37470833333333337 0.2799531249999999
8 0.4644479166666667 0.2252578125 0.11639583333333334 0.08645312499999998
8 0.5829270833333333 0.2193984375 0.10855208333333337 0.08254687499999998
8 0.7185833333333334 0.2178359375 0.12465625000000008 0.07942187499999998
8 0.6498333333333334 0.2649140625 0.13301041666666671 0.06028906249999997
8 0.7688333333333334 0.2668671875 0.11579166666666675 0.05638281249999997
8 0.5360520833333333 0.26764062499999997 0.11897916666666669 0.04232031249999997
8 0.5831770833333334 0.15259375 0.1246979166666667 0.0661171875
8 0.7206666666666667 0.1545390625 0.1079895833333334 0.046585937499999994
8 0.4834583333333333 0.164703125 0.08670833333333335 0.0512734375
8 0.7079062500000001 0.419625 0.1085208333333334 0.08846875000000001
8 0.7524270833333334 0.53175 0.09861458333333341 0.07053124999999998
8 0.757375 0.6106640624999999 0.11370833333333343 0.08774218749999996
8 0.6763958333333334 0.4911171875 0.09238541666666672 0.067390625