11 0.7166993464052288 0.6196813725490196 0.18651960784313723 0.33360294117647055
11 0.6390196078431373 0.22857843137254905 0.1367483660130718 0.2678676470588235
11 0.5271568627450981 0.555171568627451 0.14931372549019606 0.25740196078431365
11 0.8440196078431372 0.43318627450980396 0.14705882352941177 0.2811274509803921
11 0.8390522875816994 0.8676470588235294 0.16830065359477125 0.2647058823529412
11 0.5847222222222223 0.8436764705882354 0.22926470588235284 0.29897058823529415
11 0.48843137254901964 0.30210784313725497 0.21266339869281042 0.25656862745098047
11 0.3438888888888889 0.28723039215686275 0.12970588235294117 0.2682598039215686
11 0.09477124183006536 0.2695098039215686 0.1895424836601307 0.27051470588235293
11 0.17647058823529413 0.5106617647058823 0.1568627450980392 0.21365196078431375
11 0.17998366013071895 0.7893627450980393 0.20411764705882354 0.25068627450980385
11 0.42307189542483664 0.6913235294117647 0.18249999999999994 0.19031862745098033
11 0.3875 0.8848039215686274 0.13901960784313722 0.23039215686274508
11 0.3125980392156863 0.5334803921568628 0.12996732026143795 0.19517156862745103
11 0.719967320261438 0.10262254901960782 0.21820261437908492 0.19693627450980392
11 0.2405718954248366 0.1346813725490196 0.17949346405228755 0.2686029411764706
11 0.4323856209150327 0.06433823529411764 0.19607843137254902 0.12865196078431373
11 0.9436274509803921 0.15318627450980393 0.11274509803921569 0.30637254901960786