0 0.055702614379084976 0.2601470588235294 0.06684640522875816 0.07909313725490198
0 0.11178104575163399 0.26458333333333334 0.045310457516339865 0.061274509803921566
0 0.16821895424836603 0.26291666666666663 0.06016339869281045 0.053480392156862726
0 0.2191013071895425 0.252328431372549 0.034166666666666685 0.05904411764705883
0 0.26254901960784316 0.2517892156862745 0.03490196078431375 0.06683823529411767
0 0.30080065359477126 0.26237745098039217 0.04011437908496734 0.056813725490196094
0 0.07166666666666667 0.3180637254901961 0.05718954248366013 0.06573529411764704
0 0.13740196078431374 0.3147303921568627 0.05199346405228757 0.054583333333333324
0 0.18753267973856205 0.3125 0.05421568627450979 0.054583333333333324
0 0.2369281045751634 0.30580882352941174 0.05792483660130717 0.05458333333333336
0 0.2788888888888889 0.30303921568627445 0.05570261437908502 0.035661764705882344
0 0.31676470588235295 0.3002450980392157 0.03936274509803917 0.043455882352941184
0 0.08467320261437909 0.37656862745098035 0.06238562091503267 0.04455882352941178
0 0.1481699346405229 0.3704411764705882 0.06758169934640525 0.05012254901960782
0 0.19905228758169932 0.35928921568627453 0.04158496732026142 0.05012254901960782
0 0.2480718954248366 0.3604166666666667 0.04753267973856205 0.05235294117647062
0 0.2948529411764706 0.3364460784313726 0.054967320261437885 0.04455882352941178
0 0.34091503267973855 0.340343137254902 0.037140522875817025 0.03453431372549014
0 0.13442810457516338 0.5007843137254901 0.08764705882352943 0.11475490196078429
0 0.13666666666666666 0.5681862745098039 0.0802124183006536 0.0668382352941176
0 0.15076797385620913 0.6205392156862746 0.08467320261437908 0.10696078431372545
0 0.1604248366013072 0.7275 0.0802124183006536 0.10026960784313718
0 0.19756535947712417 0.5442401960784314 0.04158496732026142 0.08132352941176473
0 0.2280228758169935 0.5910294117647058 0.06982026143790851 0.09914215686274513
0 0.2246732026143791 0.6857107843137255 0.06609477124183005 0.07463235294117658
0 0.26292483660130717 0.5280637254901961 0.05050653594771246 0.0668382352941176
0 0.29263071895424836 0.5832107843137254 0.06238562091503269 0.08801470588235287
0 0.28705882352941176 0.6717892156862745 0.07204248366013077 0.09134803921568622
0 0.33978758169934636 0.6372549019607843 0.04679738562091501 0.10696078431372545
0 0.3126797385620915 0.5136029411764707 0.04307189542483662 0.07352941176470588
0 0.3230882352941176 0.45676470588235296 0.054967320261437885 0.07129901960784307
0 0.36245098039215684 0.5564950980392157 0.04753267973856205 0.08355392156862752
0 0.3672712418300654 0.4862990196078431 0.04233660130718958 0.05458333333333329
0 0.4040359477124183 0.5447794117647059 0.04158496732026142 0.08688725490196075
0 0.3999509803921569 0.6138480392156862 0.05421568627450982 0.06460784313725494
0 0.4426633986928105 0.5954656862745098 0.056454248366013045 0.09024509803921574
0 0.3880718954248366 0.4378431372549019 0.0453104575163399 0.05571078431372554
0 0.42705882352941177 0.4406127450980392 0.03416666666666666 0.0479166666666667
0 0.4096078431372549 0.4862990196078431 0.03787581699346402 0.041225490196078414
0 0.44823529411764707 0.4238970588235294 0.025996732026143738 0.045686274509803886
0 0.44006535947712416 0.48740196078431375 0.027483660130719036 0.056813725490196094
0 0.4894607843137255 0.4450735294117647 0.03119281045751639 0.05235294117647062
0 0.45973856209150327 0.4684803921568627 0.03119281045751639 0.05012254901960782
0 0.4701470588235294 0.5197303921568628 0.037140522875817025 0.05904411764705876
0 0.47756535947712414 0.5810049019607844 0.03119281045751639 0.05235294117647062
0 0.5065359477124183 0.5358823529411765 0.035653594771241914 0.06017156862745101
0 0.512107843137255 0.5018872549019608 0.04679738562091501 0.03230392156862747
0 0.5369934640522875 0.5057843137254903 0.049019607843137254 0.08022058823529417
0 0.5381045751633987 0.5681862745098039 0.03638888888888886 0.04009803921568631
0 0.5102450980392157 0.5776470588235294 0.028218954248365985 0.03676470588235294
0 0.3973529411764706 0.20833333333333334 0.04307189542483662 0.05124999999999999
0 0.4411764705882353 0.21612745098039218 0.04158496732026151 0.053480392156862726
0 0.4649509803921569 0.21779411764705883 0.029705882352941096 0.0479166666666667
0 0.48833333333333334 0.2138970588235294 0.03194444444444437 0.053480392156862726
0 0.5150816993464052 0.22281862745098038 0.03787581699346397 0.04455882352941178
0 0.3928921568627451 0.25066176470588236 0.04307189542483662 0.04232843137254905
0 0.42334967320261435 0.25512254901960785 0.035653594771241866 0.05571078431372547
0 0.4564052287581699 0.2545588235294118 0.03341503267973864 0.045686274509803955
0 0.48351307189542486 0.2606862745098039 0.034166666666666616 0.049019607843137254
0 0.5280718954248366 0.2651470588235294 0.037140522875817025 0.06683823529411767
0 0.4118464052287582 0.2902205882352941 0.024509803921568627 0.041225490196078414
0 0.43522875816993467 0.32252450980392156 0.032679738562091505 0.0479166666666667
0 0.4593790849673202 0.3169607843137255 0.03936274509803927 0.054583333333333324
0 0.4894607843137255 0.29634803921568625 0.04307189542483662 0.057941176470588204
0 0.5336437908496732 0.3041421568627451 0.03638888888888886 0.033431372549019574
0 0.08207516339869281 0.6567401960784314 0.09581699346405229 0.12365196078431377
0 0.07315359477124184 0.6043872549019609 0.06609477124183007 0.05458333333333336
0 0.0271078431372549 0.6885049019607844 0.0542156862745098 0.09803921568627451
0 0.06573529411764706 0.7675980392156863 0.09284313725490197 0.0779901960784315
0 0.01931372549019608 0.78375 0.03862745098039216 0.09247549019607848