7 0.6916666666666667 0.948609375 0.25833333333333336 0.09956250000000004
7 0.33307291666666666 0.9435546875 0.21302083333333333 0.112890625
7 0.27734375 0.8233984375000001 0.21614583333333334 0.11867187500000007
7 0.5046875 0.7896015625 0.165625 0.1331171874999999
7 0.6536458333333334 0.8444921875 0.21354166666666666 0.11398437500000007
7 0.33515625 0.7388125 0.2171875 0.10965624999999993
7 0.409375 0.6387968749999999 0.13125 0.12838281249999994
7 0.5140625 0.6559921875 0.10104166666666667 0.13151562499999994
7 0.634375 0.6505234375 0.12291666666666666 0.13619531249999994
7 0.5682291666666667 0.541125 0.12604166666666666 0.12053906249999997
7 0.3653645833333333 0.5505078125 0.09010416666666667 0.10803906249999998
7 0.48932291666666666 0.4856484375 0.08802083333333334 0.11896093749999999
7 0.6450520833333333 0.49229687499999997 0.11822916666666666 0.12442968749999998
7 0.6502604166666667 0.34657031250000003 0.08697916666666666 0.10641406250000003
7 0.559375 0.29655468749999997 0.09791666666666667 0.08452343749999995
7 0.47265625 0.3436328125 0.09635416666666667 0.08102343750000003
7 0.37447916666666664 0.367859375 0.11354166666666667 0.06696093750000003
7 0.37161458333333336 0.2973359375 0.08177083333333333 0.07046093749999996
7 0.3731770833333333 0.22154687499999998 0.0953125 0.07512499999999997
7 0.40859375 0.10590625000000001 0.10364583333333334 0.07821093750000001
7 0.5091145833333334 0.1668515625 0.10677083333333333 0.059476562499999996
7 0.5502604166666667 0.092625 0.07447916666666667 0.0985234375