11 0.66875 0.7059921874999999 0.10833333333333334 0.07526562499999993
11 0.5721354166666667 0.7095078125 0.0765625 0.058859374999999936
11 0.47109375 0.7024765625 0.10364583333333334 0.09167968749999993
11 0.36822916666666666 0.7157578124999999 0.10104166666666667 0.05573437499999993
11 0.6619791666666667 0.6241484374999999 0.10520833333333333 0.07953906249999995
11 0.56875 0.6339140624999999 0.09583333333333334 0.07564062499999995
11 0.47239583333333335 0.6235625 0.10104166666666667 0.07446093749999996
11 0.36354166666666665 0.6428984375 0.12291666666666666 0.07017187499999995
11 0.3645833333333333 0.56515625 0.10416666666666667 0.09436718749999998
11 0.46822916666666664 0.5520625 0.11354166666666667 0.07991406249999997
11 0.5752604166666667 0.5583203125 0.10364583333333334 0.09241406249999998
11 0.6669270833333333 0.54659375 0.07864583333333333 0.06896874999999998
11 0.6197916666666666 0.472953125 0.13541666666666666 0.08184374999999999
11 0.49661458333333336 0.48271875 0.10260416666666666 0.07793749999999999
11 0.37864583333333335 0.4786171875 0.121875 0.07364062499999999