0 0.3927083333333333 0.66459375 0.30625 0.24246874999999993
0 0.42734375 0.06117187500000001 0.14114583333333333 0.11766406250000001
0 0.56484375 0.057460937499999996 0.10364583333333334 0.106328125
0 0.6708333333333333 0.0771953125 0.13333333333333333 0.11063281250000001
0 0.8247395833333333 0.080125 0.1546875 0.10477343750000001
0 0.2375 0.09340625 0.14166666666666666 0.08446093750000001
0 0.10807291666666667 0.09125 0.1171875 0.0762578125
0 0.37083333333333335 0.1217265625 0.11666666666666667 0.07470312500000001
0 0.4817708333333333 0.12934375 0.09895833333333333 0.06259375
0 0.5963541666666666 0.1381328125 0.11979166666666667 0.0762734375
0 0.7317708333333334 0.160796875 0.11979166666666667 0.07471874999999999
0 0.8690104166666667 0.1652890625 0.12864583333333332 0.07198437499999999
0 0.9416666666666667 0.1006328125 0.11666666666666667 0.110640625
0 0.9268229166666667 0.3684453125 0.10885416666666667 0.08767187500000002
0 0.9518229166666666 0.44071875 0.09635416666666667 0.08378125
0 0.7916666666666666 0.35359375000000004 0.10416666666666667 0.07360156250000002
0 0.6690104166666667 0.340703125 0.10364583333333334 0.07125000000000004
0 0.5799479166666667 0.32859375 0.08177083333333333 0.07046875000000004
0 0.47578125 0.30749218749999996 0.10260416666666666 0.05952343749999996
0 0.3807291666666667 0.29655468749999997 0.084375 0.06889843749999995
0 0.26796875 0.3104296875 0.13489583333333333 0.08491406250000004
0 0.16484375 0.2949921875 0.0953125 0.08139843749999995
0 0.05572916666666667 0.2754609375 0.10104166666666667 0.08920312499999997
0 0.721875 0.4116171875 0.08958333333333333 0.07635156250000001
0 0.8393229166666667 0.4327109375 0.10052083333333334 0.07167187500000001
0 0.6104166666666667 0.395984375 0.09583333333333334 0.06071875000000002
0 0.5114583333333333 0.3828984375 0.08541666666666667 0.07751562500000002
0 0.42213541666666665 0.3559375 0.0890625 0.06266406250000003
0 0.28203125 0.3883671875 0.09010416666666667 0.07282812500000002
0 0.19401041666666666 0.3754765625 0.0703125 0.07048437500000002
0 0.115625 0.35828125 0.08541666666666667 0.06735156250000003
0 0.37864583333333335 0.4004765625 0.08020833333333334 0.07361718750000001
0 0.46015625 0.420015625 0.07135416666666666 0.06580468750000001
0 0.5520833333333334 0.43759375 0.08333333333333333 0.06190625000000001
0 0.6578125 0.4502890625 0.096875 0.06776562500000001
0 0.7661458333333333 0.466703125 0.10520833333333333 0.0693359375
0 0.8684895833333334 0.4903359375 0.09635416666666667 0.06582812499999999
0 0.9661458333333334 0.509671875 0.06770833333333333 0.061539062499999984
0 0.8911458333333333 0.6755234375 0.10520833333333333 0.07682031249999995
0 0.7572916666666667 0.72728125 0.07708333333333334 0.06707031249999992
0 0.6760416666666667 0.8120625 0.08125 0.07256250000000009
0 0.696875 0.608125 0.10208333333333333 0.07094531249999995
0 0.796875 0.6130078125 0.09375 0.07680468749999995
0 0.7614583333333333 0.7856953125 0.08541666666666667 0.07841406249999991