1 0.275390625 0.793625 0.279296875 0.23828125
1 0.517578125 0.8307291666666666 0.3125 0.23958333333333334
1 0.505375 0.5859375 0.3037109375 0.22395833333333334
1 0.8486328125 0.8372395833333334 0.302734375 0.23697916666666666
1 0.833984375 0.6113333333333333 0.33203125 0.20182291666666666
1 0.2607421875 0.5813854166666667 0.275390625 0.14192708333333334
1 0.10205468749999999 0.7050833333333333 0.2041015625 0.4153645833333333
1 0.9052734375 0.24739583333333334 0.189453125 0.4583333333333333
1 0.6372109375 0.2643229166666667 0.2900390625 0.1796875
1 0.6142578125 0.10742708333333333 0.365234375 0.16796875
1 0.366703125 0.17447916666666666 0.2802734375 0.1875
1 0.39209375 0.36263541666666665 0.2216796875 0.20442708333333334
1 0.226078125 0.43359375 0.1943359375 0.14322916666666666
1 0.2197265625 0.27669791666666665 0.162109375 0.18359375