1 0.28298958333333335 0.0696640625 0.21180208333333336 0.13932031250000002
1 0.46007291666666666 0.2122421875 0.25346875 0.1953125
1 0.24305208333333334 0.2063828125 0.21528125 0.20442968749999996
1 0.18663541666666666 0.44986718750000004 0.2413229166666667 0.30599218750000007
1 0.41232291666666665 0.43359375 0.234375 0.25260156249999993
1 0.42882291666666666 0.7858046875 0.3368020833333334 0.4205703125000001
1 0.12413541666666666 0.783203125 0.24132291666666666 0.42578125
1 0.90971875 0.5318984375 0.18055208333333325 0.23567968750000007
1 0.6701354166666668 0.5240859375 0.2638854166666666 0.27213281249999993
1 0.7708333333333334 0.828125 0.3680520833333333 0.34375
1 0.9149270833333334 0.2760390625 0.1701354166666666 0.25521093749999996
1 0.7126770833333332 0.2760390625 0.24479166666666666 0.21875