6 0.13393333333333332 0.23035000000000003 0.24881666666666666 0.18928333333333333
6 0.12321666666666668 0.4488166666666667 0.23689999999999997 0.2547666666666667
6 0.25 0.65595 0.21428333333333333 0.18333333333333332
6 0.08416666666666667 0.7825 0.16833333333333333 0.23833333333333334
6 0.23035000000000003 0.9232166666666666 0.24643333333333337 0.15356666666666674
6 0.43333333333333335 0.6476166666666666 0.20951666666666668 0.2
6 0.32916666666666666 0.32143333333333335 0.17261666666666667 0.20951666666666663
6 0.4202333333333333 0.8333333333333334 0.25 0.1952333333333334
6 0.6758333333333333 0.915 0.27166666666666667 0.17
6 0.9035666666666666 0.8934500000000001 0.18333333333333332 0.21309999999999993
6 0.6381 0.7208333333333333 0.21428333333333321 0.16548333333333326
6 0.4625 0.1904833333333333 0.20594999999999994 0.21428333333333333
6 0.3107166666666667 0.08928333333333334 0.17856666666666665 0.17856666666666668
6 0.10583333333333333 0.0675 0.21166666666666667 0.135
6 0.6517833333333333 0.16071666666666667 0.1988166666666666 0.2261833333333334
6 0.5428499999999999 0.49106666666666665 0.3285666666666666 0.225
6 0.7363166666666667 0.36845 0.19643333333333335 0.20356666666666665
6 0.7738166666666667 0.5726166666666667 0.13810000000000003 0.19285000000000005
6 0.9035666666666666 0.44643333333333335 0.17381666666666662 0.23094999999999993
6 0.9083333333333333 0.21905000000000002 0.18333333333333332 0.19523333333333331
6 0.7857166666666667 0.06845 0.14761666666666676 0.13215000000000002