6 0.09466437177280551 0.1411340206185567 0.17457831325301207 0.2479209621993127
6 0.31103270223752155 0.24852233676975943 0.28277108433734943 0.24668384879725086
6 0.09958691910499139 0.3773883161512027 0.19915662650602411 0.2785910652920962
6 0.30428571428571427 0.6099656357388317 0.2593975903614458 0.24792096219931264
6 0.42168674698795183 0.07646048109965636 0.26506024096385544 0.15292096219931273
6 0.8464543889845094 0.17243986254295532 0.27660929432013764 0.25651202749140894
6 0.747487091222031 0.5154639175257731 0.2803098106712565 0.31419243986254297
6 0.6110154905335629 0.26878006872852234 0.18932874354561102 0.25281786941580753
6 0.5483132530120481 0.7081443298969072 0.2803098106712565 0.24792096219931264
6 0.8823407917383821 0.7204295532646049 0.23530120481927716 0.21355670103092778
6 0.8737349397590362 0.9074570446735395 0.25251290877796906 0.18506872852233683
6 0.08667814113597246 0.6173367697594502 0.13891566265060243 0.2086426116838487
6 0.07867469879518074 0.7873024054982819 0.15244406196213425 0.27369415807560143
6 0.24096385542168675 0.8634020618556701 0.24096385542168675 0.21969072164948447
6 0.46717728055077457 0.9123711340206185 0.31963855421686754 0.17525773195876287
6 0.31841652323580033 0.44551546391752583 0.24834767641996552 0.1742783505154639
6 0.5304819277108433 0.4829381443298969 0.18072289156626506 0.17060137457044672
6 0.9113597246127366 0.45017182130584193 0.17728055077452667 0.27491408934707906