6 0.2384025974025974 0.3836243822075783 0.19480519480519481 0.22123558484349254
6 0.1488831168831169 0.5801317957166392 0.19388311688311688 0.2235749588138386
6 0.03803896103896104 0.5724876441515651 0.057519480519480526 0.2835914332784184
6 0.1757922077922078 0.7842998352553542 0.21057142857142855 0.20357495881383864
6 0.3344155844155844 0.6260296540362438 0.20871428571428577 0.24476112026359134
6 0.5097402597402597 0.7719439868204282 0.18831168831168832 0.272998352553542
6 0.6581688311688312 0.6554530477759473 0.1771818181818181 0.21887973640856676
6 0.49118181818181816 0.5118780889621087 0.1771818181818181 0.24240527182866556
6 0.6757922077922078 0.45304777594728174 0.22727272727272727 0.21887973640856676
6 0.5904415584415584 0.26476112026359144 0.1567662337662338 0.20945634266886323
6 0.7648441558441558 0.29537067545304774 0.19758441558441572 0.25652388797364084
6 0.8492597402597402 0.19945634266886325 0.1474935064935064 0.16827018121911036